2.78298
2.94481
3.29222
3.28592
2.90621
3.07518
2.60743
3.33842
2.86937
2.88171
2.83585
2.60149
2.79913
3.08582
2.80423
3.32715
2.87703
3.00745
3.08922
3.13311
3.26317
3.30544
3.09188
2.97313
3.14095
3.03042
3.42474
3.12122
2.80213
2.6227
3.31726
3.08466
2.88028
2.86587
3.17188
2.98544
3.23618
2.78024
3.33739
2.98162
2.95587
3.07073
3.24613
2.98255
3.24116
2.76012
3.02679
2.79076
3.10099
3.00976
3.08048
3.24198
2.87293
2.84364
2.82339
3.15254
3.19927
2.91018
2.92743
2.64181
2.97036
2.91072
3.11416
3.08074
3.15372
3.05543
2.87472
3.36181
2.79027
3.04693
2.76368
3.00178
3.07515
3.09268
3.1128
2.60298
3.2558
3.25765
2.93591
2.98186
2.75256
3.2803
2.95283
3.0382
2.95257
3.12829
3.28314
2.94154
3.35184
3.02744
2.69712
3.22941
2.49646
2.8692
2.91516
3.24628
2.67528
3.25457
2.76267
2.94088
2.84984
3.08299
3.10995
3.17184
2.7681
3.35407
2.71771
3.17372
2.60235
2.76439
3.02135
3.25813
2.99324
2.88732
2.9281
3.25983
3.0317
2.885
2.9434
2.84228
3.11993
2.992
3.2053
3.28575
3.2665
2.70203
2.96562
2.61685
2.89245
2.90036
3.01815
2.9833
2.6846
2.84534
2.73015
3.25028
2.90195
2.92871
2.49744
3.25736
2.88924
2.77521
2.91737
2.75627
2.65154
3.17749
2.83671
2.71119
3.57804
2.55646
2.53473
2.84566
2.87009
3.2223
3.31401
3.04267
2.7292
2.64883
2.90609
2.98565
3.03073
3.1457
3.25184
2.46488
3.04729
2.95853
3.17591
2.81578
3.01844
2.91886
2.98573
2.8798
3.09397
2.66141
2.68642
3.47642
2.9525
2.95781
2.95874
3.32733
3.07672
3.16052
3.43808
3.18107
3.45141
2.78067
3.01429
3.03192
3.18636
3.09236
3.06606
2.98161
2.96554
2.46515
3.0579
2.6992
3.1712
2.62348
3.0453
2.75248
2.79108
2.73109
2.86373
2.61743
3.1103
2.46142
3.03007
2.63758
2.68777
3.108
2.91491
2.98731
2.61703
2.92355
2.86998
2.89803
2.80721
3.08585
2.73451
2.78776
2.68759
2.6002
2.39793
2.70742
2.67249
2.44
2.55355
3.01761
2.50438
2.71656
2.5761
2.71353
2.93092
3.20564
2.4338
2.6481
2.83227
2.85948
2.69159
3.10451
2.92753
2.53712
2.13448
2.41675
2.78562
2.382
2.53419
2.34441
2.63146
2.97631
2.91103
2.45254
2.63849
2.6529
2.592
2.5089
2.75732
2.93403
2.64925
2.45335
2.85045
2.79459
2.61939
2.95889
3.03714
2.82567
2.51573
2.57059
2.49246
2.51381
2.27618
2.62097
2.87613
2.87825
2.65112
2.81917
2.9411
2.83888
2.90479
2.50731
2.73012
2.57409
2.83037
2.46977
3.12384
2.7475
2.67028
2.81357
3.13692
2.2058
2.94105
2.64466
2.89356
2.89467
3.32259
2.69907
2.55724
2.66352
2.8477
2.99841
2.53379
2.74883
2.91714
2.9462
2.3851
2.90105
3.03979
2.84742
2.80806
2.61987
2.74872
2.40647
2.18268
2.72982
2.51335
2.64944
3.05215
2.87208
2.51318
2.63366
2.5684
2.68055
2.41419
2.83076
3.15175
3.06731
2.37269
2.51492
2.88924
2.8217
2.82975
2.5833
2.86795
2.341
2.68718
2.95747
2.57923
2.53045
2.66436
3.12324
2.61062
2.99748
2.87562
2.52199
2.83899
2.52326
2.62979
3.02547
3.05959
2.31991
2.76679
2.67703
3.12739
2.33278
3.00892
2.7757
3.05181
2.81142
2.47036
2.95753
3.21929
2.80828
2.77814
2.82998
2.46887
2.91311
2.70084
2.67624
2.51392
2.54052
2.61596
2.66727
2.96647
2.82269
2.95703
2.93404
3.02054
2.97486
2.52664
2.62715
3.06561
2.82122
2.83475
2.79154
2.66358
2.64253
2.57162
2.76584
2.62974
2.61309
3.24453
3.04742
2.98941
3.33779
2.6879
2.70545
2.89129
2.77592
2.50697
3.01296
2.73827
2.83624
2.60076
3.09322
2.79433
2.87759
3.42526
2.7756
2.83961
2.96491
3.03857
2.91082
3.12323
3.27501
3.05433
2.79104
2.9984
3.20726
3.23114
2.47822
2.72709
3.22225
3.22651
2.95349
2.93285
2.94768
3.06239
3.30633
3.14856
2.92847
3.09444
3.00374
2.88481
2.89299
3.05814
2.56721
3.3711
2.76615
2.8349
3.0315
2.84776
2.77813
3.25463
2.97382
3.15875
2.65739
2.88156
2.51655
2.59469
3.54315
3.00554
2.84383
2.96312
3.05281
2.76619
2.54458
3.1377
2.71953
2.646
2.83695
2.72545
3.16198
2.76434
3.12336
3.05668
2.69009
3.09153
3.22735
3.25571
3.04624
3.12433
2.98379
3.18774
2.93848
3.0332
2.80732
3.13525
2.97274
3.15091
2.86079
2.92262
2.65424
2.81964
2.88777
2.84706
3.04588
3.23859
3.16212
2.74915
2.60423
2.47617
2.57588
2.75493
3.14152
2.6213
3.25256
2.58198
2.81992
2.88624
2.80618
3.14131
2.81696
2.95944
3.23614
3.34436
2.80741
2.90083
2.92432
2.82376
2.74407
2.84183
2.73207
3.00389
2.89295
2.93511
2.61437
2.78089
2.93698
3.09306
2.98075
3.02039
2.71293
2.73507
2.99853
2.93388
2.88154
2.75356
2.50941
3.27833
2.70728
2.79489
2.93674
2.71434
2.86078
2.83201
2.85159
3.31924
3.12179
2.69117
2.94894
2.93431
2.97841
2.93436
3.1923
2.75058
3.0775
2.65072
2.89295
2.73772
2.89752
2.73978
2.9046
3.0452
3.10946
2.58445
2.92108
3.36544
2.91609
2.65853
2.61958
3.18585
3.01223
3.01394
2.92147
2.70788
2.65414
3.05498
2.62988
2.68636
2.868
2.5789
2.7412
2.60174
3.1592
3.13728
3.07004
2.47197
3.05602
2.51092
2.7659
3.42062
2.7579
2.92655
2.9488
2.99566
2.62892
2.82574
3.32564
2.85752
2.45369
2.86207
2.71069
2.83008
2.97279
2.71305
3.01891
2.73812
2.61794
2.68518
2.93707
2.87401
2.6456
2.76699
2.68574
2.57007
2.43369
3.31598
2.83215
2.63981
2.8438
2.68683
3.27212
3.04356
2.6166
2.79093
2.68816
2.96373
2.96426
2.99603
2.81172
3.01362
2.90978
2.72463
3.00747
2.67362
2.55624
3.0612
2.90728
2.55741
3.16451
2.86671
2.84372
2.54034
2.70187
3.036
2.46823
2.9619
2.79963
2.78237
2.85194
2.64614
2.81255
3.07824
3.18731
2.81869
2.61931
2.71855
2.64379
2.74817
2.65439
3.10969
2.70449
2.66129
2.97013
2.89791
2.94004
3.24334
2.83121
2.91151
2.93569
2.89963
2.49645
3.04642
3.06916
3.28292
3.20201
2.57154
2.8
2.96048
2.69516
2.71041
3.2419
3.18723
2.89867
3.02421
2.82093
2.69378
2.66922
2.85075
2.85193
3.27196
2.95709
2.93288
2.54579
3.16363
2.54364
2.91767
2.75373
2.86451
2.75012
3.05491
3.02105
2.53352
2.74347
2.51248
2.52992
2.67194
2.81367
3.02359
2.90171
2.52806
2.35211
3.03337
3.2125
2.68199
2.969
2.59712
2.63055
2.52608
3.04014
2.53937
2.40007
2.87993
2.71522
2.79204
2.83156
2.79163
2.7664
2.54963
2.83256
2.91008
2.62722
2.69399
2.51612
2.27455
2.74719
2.82064
2.28916
2.8732
3.34882
2.94703
2.57158
2.8747
3.01036
3.31286
2.86437
2.75802
2.42764
2.72362
2.67494
2.74515
2.77703
2.92312
2.53477
2.52761
2.28306
2.69757
2.81993
2.91289
2.71217
3.30266
3.13714
3.22925
2.92432
3.16033
2.79598
2.84621
2.36688
2.68999
2.92236
2.97039
2.43286
3.00711
2.72813
3.19727
3.14004
2.92449
3.0693
3.20571
2.62296
3.10245
3.29109
3.43652
2.69133
3.412
3.17294
3.41756
2.99419
2.72477
3.14766
2.91645
3.05965
2.90517
3.55697
3.27301
2.66872
3.09083
2.9924
3.41932
3.11762
3.63807
3.01888
3.35335
2.77806
3.28421
2.90603
3.30938
3.5932
2.90292
2.8136
2.79755
2.8663
3.29792
3.02191
3.55904
3.34132
2.92025
3.47753
3.05124
3.16062
2.64266
3.26811
3.05701
3.90986
3.025
3.26911
3.11754
2.83732
3.09188
3.35224
2.73876
3.32954
3.22987
3.16477
3.57314
3.33857
3.30931
3.07911
3.26929
3.28869
2.8286
3.11983
3.33763
3.07626
2.871
3.15862
2.96659
3.23751
3.58772
3.25413
3.35906
2.97789
3.27075
3.18486
3.17561
3.34959
2.91817
2.98724
3.05137
2.86943
3.10936
2.67762
3.21793
3.61852
2.92935
2.85211
2.40812
2.53291
2.88743
2.6874
2.73528
3.086
2.43223
2.56004
3.04058
2.56195
3.02864
2.72044
2.56769
3.20327
3.02559
2.77657
3.12978
2.89869
2.43848
2.07839
2.74496
2.84744
2.87098
2.38455
2.30797
2.6608
3.00012
3.05774
2.81698
2.75187
2.78117
2.75358
2.5441
2.75123
2.94139
2.82624
2.34415
2.66395
2.55512
2.8511
3.08334
2.5276
2.80652
2.81301
2.89305
2.75458
3.26793
3.02119
2.92141
2.48952
2.50015
3.08299
3.14395
2.91725
3.1951
2.85076
2.50898
2.71465
2.85233
2.6646
2.88628
2.62117
2.70752
2.79341
2.51817
2.57097
2.55461
3.00062
2.48702
2.80079
2.96531
2.93633
3.0177
2.74497
2.87579
2.94568
3.18755
2.79756
2.86311
2.92075
2.67628
2.43173
2.91956
2.86252
2.7816
2.80898
2.61731
3.13828
2.79217
2.80569
2.544
2.82113
2.89608
2.9939
3.12454
2.63081
2.60363
2.81558
2.49995
2.99016
2.45605
2.99442
3.06746
3.0831
2.94832
3.10398
3.20854
2.61916
2.67883
3.03756
3.13671
3.0775
2.83061
3.41855
3.04515
2.54558
2.67943
3.24293
2.99652
2.9501
3.08489
2.84093
2.91973
3.29134
2.39773
2.56562
2.65014
3.27206
2.55571
3.29916
3.06149
2.92473
3.00954
2.55334
2.84989
3.45643
3.23212
2.91059
2.77167
2.7872
3.18021
2.5529
3.13528
3.18359
3.11167
2.58338
2.9152
2.66936
2.8735
2.75358
2.81139
3.07505
2.65533
2.97433
2.92405
3.09649
3.1744
2.96433
2.90979
2.804
2.83752
3.37561
2.76336
2.95384
2.9909
3.42375
2.95108
2.97036
3.06879
2.76867
2.76
2.8126
2.92329
3.04489
3.05788
2.72592
3.084
2.85898
2.36385
2.65867
2.83958
2.82885
3.02219
2.90622
2.67229
2.95854
2.5346
3.08064
2.32642
2.95396
2.96064
3.06695
2.94369
2.90736
2.85978
2.99691
2.49299
2.72215
2.75228
2.36401
2.65289
2.81174
2.71507
2.75063
2.91838
3.05666
2.70681
2.49433
3.11786
2.82909
3.02475
2.78394
3.07422
2.29921
2.37332
2.84016
2.59015
2.94917
2.53642
2.53854
2.4899
2.84428
3.04422
3.2719
3.12434
2.62162
2.7969
2.70887
2.86436
2.95303
3.08334
2.81855
2.73121
2.19498
2.97946
2.95561
2.50207
2.64093
2.79323
2.8597
2.55934
2.81598
2.41065
3.11823
2.68667
2.29555
2.87196
2.77122
2.76988
3.36543
2.80966
2.62787
2.71563
3.00078
2.69025
2.77605
2.43561
2.84705
2.26451
2.60036
2.98832
2.20724
2.71611
2.91928
3.02967
2.75438
2.52275
3.18787
2.67371
3.21459
2.70974
2.71311
2.91536
2.93974
3.22284
2.50686
2.90277
3.01509
3.19234
3.08988
3.067
2.99811
2.95018
2.72363
2.82816
2.57777
2.96
2.62059
3.02583
2.92312
2.76058
3.29908
3.0592
2.91971
2.70328
2.81733
2.85867
2.85939
2.75447
2.69986
2.49591
2.9788
3.07613
2.79167
2.92377
3.22482
2.85366
2.79224
2.68497
2.78189
3.56174
3.26004
2.96847
2.40763
2.83027
2.62228
2.64506
3.43137
3.23449
2.75561
2.56984
2.85978
2.5976
3.10679
2.75423
2.7836
2.89943
2.73622
2.83039
2.89761
2.94847
3.16559
2.38347
2.62994
2.79443
3.08741
3.2997
2.7659
2.95093
3.19419
3.26948
3.14439
2.97827
2.92171
2.27392
2.91968
2.55659
2.87651
2.81396
3.01561
2.39066
3.3575
2.73781
2.95385
3.11564
2.83994
2.60333
2.79967
2.80704
2.92056
3.10938
2.70549
2.75591
2.89924
2.92097
2.65724
2.7786
3.03544
2.82831
2.71278
2.60373
2.86902
2.67619
2.54896
2.92386
2.6583
2.58372
3.11736
2.77444
3.17858
2.5102
3.00142
3.01321
2.83211
2.79339
2.77025
2.55012
2.54758
2.66055
2.62763
2.86201
2.84485
2.58662
3.09164
2.81978
2.58559
3.18263
2.56831
3.00796
2.30774
2.88182
2.61936
2.60172
3.16618
3.10599
2.88359
2.8089
3.07242
2.56291
2.5387
3.02356
2.7772
2.58134
2.63379
2.86447
2.58814
2.93862
2.92064
2.89039
2.42868
2.73587
2.92019
2.88994
2.75641
2.61816
2.81774
2.704
3.06526
2.65645
2.82229
2.64096
2.97177
2.39911
2.99831
2.71222
2.89971
2.07814
2.65213
2.88849
2.8209
2.63039
3.01933
2.48328
3.02141
2.745
2.95362
2.65655
2.59009
2.76328
2.57167
2.74859
2.40149
3.07592
2.57627
2.14833
2.90006
2.65672
3.07289
2.54596
2.94459
2.39695
3.1199
2.73151
2.59331
2.73991
3.02648
3.14249
2.31564
2.25879
2.91643
2.81077
2.63413
2.60054
2.77604
3.15055
3.05841
2.80312
2.77257
3.02146
2.45321
2.81184
2.86112
3.11555
2.67682
2.7888
2.65555
3.04233
2.91367
3.00446
2.8547
3.11954
2.74498
2.81653
3.03617
2.97956
3.25866
2.70437
2.94137
2.86398
2.41049
2.40336
2.55878
2.49464
2.99049
2.9644
2.86522
2.95871
2.96254
2.74861
2.64249
2.85944
2.58687
2.54197
3.08009
2.67772
2.80573
2.62988
2.51517
2.875
2.59194
2.58458
2.95468
2.91172
2.53741
3.12946
2.70843
2.97927
3.12278
3.18665
3.07374
3.10359
2.60761
3.16724
3.12416
3.13829
3.42446
3.12264
2.92562
2.69825
2.94955
2.6383
3.493
2.83964
3.12154
3.12024
3.3815
2.92064
3.05893
2.7312
3.13238
2.62126
2.84982
2.90573
2.73512
2.7227
2.90697
2.81613
3.08045
3.03293
3.03858
2.98463
2.81858
2.95164
2.72309
3.17881
2.84558
3.20302
2.45583
2.93685
2.9939
2.92734
3.01446
3.42652
3.13724
3.06851
2.77073
3.04907
3.03459
3.04284
2.82087
3.12905
3.13279
3.09933
2.89475
2.89066
3.21583
2.55811
2.59104
2.80375
3.09097
3.05371
3.09567
2.98132
2.99875
3.14397
2.93877
2.64749
3.28059
2.52838
2.64382
2.97299
2.46948
3.05377
2.88914
2.73275
2.8589
2.94469
2.55819
2.8696
3.09277
3.35348
2.73938
2.97733
2.73175
3.16409
2.85139
3.02319
2.54971
2.90883
2.99557
2.82751
2.9947
2.98008
2.84979
3.16488
2.94742
3.34645
2.92792
3.34873
2.89365
2.87339
2.78029
2.70177
3.22763
2.91074
2.86731
2.98838
3.19451
2.79595
2.84227
3.00988
3.0432
3.18955
2.69881
2.83617
3.43178
2.61604
3.05242
3.22303
3.10918
2.88829
2.77466
3.00589
2.88527
2.82626
3.04573
2.85867
2.43551
2.76725
2.78213
3.02335
2.35223
3.25925
2.69599
3.00636
3.22351
2.84935
2.73317
2.88817
3.00152
3.32889
2.83111
2.8429
3.07182
3.11565
2.89317
2.9966
2.87262
2.77827
2.72982
3.19509
2.94609
2.74093
3.14707
3.15123
3.20492
2.72452
2.70889
3.11813
2.79757
2.88106
2.51183
2.64519
2.55511
2.77922
2.69262
3.03143
2.8927
2.89377
2.49465
3.21553
3.16195
2.6267
2.63165
2.92557
2.86682
2.99209
2.8766
2.75811
2.7943
2.72512
2.75326
2.94307
3.04156
2.56583
2.53937
2.47003
2.67238
3.11475
2.5628
2.52273
2.86057
3.01874
2.8881
3.07122
2.85794
2.36708
2.99538
2.64278
2.26686
2.92883
2.92557
2.69082
2.76469
2.82674
2.86161
2.57822
3.07571
2.59455
2.77545
2.57426
2.62461
2.38796
2.55322
3.05404
2.66806
2.65899
2.6574
2.47991
2.70948
2.57738
2.94007
2.52951
2.39559
2.78366
2.84995
2.82139
2.73216
2.84255
2.98598
2.9009
2.72361
2.69703
2.77701
2.86295
2.55263
3.00889
2.62647
2.8188
2.62223
2.33979
2.7409
2.67488
2.98837
2.4611
3.00815
2.61993
2.80879
2.96279
2.57498
2.76293
2.85983
3.08275
2.92398
2.46321
3.14732
2.72672
3.13013
2.65171
3.00386
2.78726
2.57186
2.67909
2.9475
2.76794
2.9529
2.94017
2.50146
2.95346
3.03309
2.66936
2.35811
2.54212
2.89994
2.81296
2.66481
3.10016
2.70137
2.88943
2.75499
2.75208
2.92274
3.25028
2.87131
2.60366
2.94878
2.8296
2.99832
2.6509
2.91021
3.16871
2.68463
2.96402
2.6294
2.97655
2.98691
2.81479
2.70646
2.4276
2.63825
2.58165
2.86244
2.8268
2.5714
2.85524
2.9682
2.66597
3.13558
2.65024
2.61945
3.11088
2.70794
2.71296
2.7369
3.10785
2.61452
2.1606
2.97573
2.74246
2.30201
2.90789
2.72806
3.27844
2.78235
2.99117
2.89449
2.83278
2.9908
2.85277
3.29654
2.82371
2.9528
2.79854
2.87955
3.01589
3.04814
3.05908
3.10532
3.01183
2.80395
2.85307
2.47968
2.56946
2.87816
3.22551
2.88936
2.91406
2.93176
2.73279
3.13497
2.64555
2.94896
3.11241
3.21676
2.76222
3.06939
2.71698
2.76352
2.6385
2.90549
2.6106
2.80921
2.94089
2.85486
2.80525
3.18758
2.9025
2.56479
3.17877
2.84966
2.62081
2.58492
2.96664
2.80839
3.03648
2.32691
2.53861
2.63052
2.70197
2.7209
3.02314
2.63078
3.13963
2.96178
2.561
2.70524
2.97781
2.96787
2.7482
2.82608
3.09225
2.97665
2.75497
2.78404
3.06407
3.24122
2.88695
2.85561
2.89203
2.6363
2.85009
2.90328
3.08948
2.65679
3.25731
2.57724
3.08864
3.20272
3.08405
2.94382
2.91653
2.83768
2.97338
2.56646
3.10465
3.0789
2.9632
3.05025
3.08274
2.84586
2.76417
2.73254
2.81547
2.97609
2.66085
3.24078
2.55516
2.95568
3.1831
3.17277
2.74798
2.66965
3.03002
2.79072
3.26923
2.61651
2.66592
2.90036
2.99544
3.17506
3.44674
3.07497
3.08991
2.60938
2.96877
3.21162
2.97562
2.98669
2.61905
2.90273
2.83531
3.02575
2.96444
2.78907
3.14428
2.65834
2.8163
2.62187
2.50809
2.47266
2.89845
2.93792
2.91117
2.42539
3.25981
3.31301
3.26772
2.78009
2.99816
3.02423
3.36912
2.55854
2.96042
3.07376
2.84109
2.85619
2.99995
3.02389
2.6081
2.73666
2.90476
3.31585
3.12391
2.9516
3.18544
3.08438
2.86739
3.22158
3.11235
2.91782
2.98751
2.69236
2.9768
2.85815
2.94945
3.04782
3.23275
2.6948
2.90882
3.15146
2.98831
2.92661
2.94405
2.62377
2.43799
2.9606
3.38042
3.01297
2.23054
3.16352
2.92232
2.83987
3.23244
2.96896
2.64801
3.26413
2.7987
2.87067
3.05844
2.72634
2.54044
2.92274
2.6818
3.27189
2.47641
3.04984
3.3468
3.21265
2.77159
2.84906
2.75739
3.1126
3.06776
2.90074
2.84036
3.03089
3.00699
2.79066
2.60148
3.03093
2.75698
3.14357
2.20319
2.82125
2.98656
3.27455
3.263
3.25272
3.03937
2.84798
3.26123
3.57248
2.98661
2.67043
2.82096
2.80373
2.92778
2.98274
3.08805
2.82431
3.06503
2.85042
2.68736
2.89194
3.05705
3.0171
2.71586
2.55099
2.51977
2.80665
2.63105
2.55644
2.97399
3.09209
2.75128
2.71561
2.87782
3.08608
2.82248
2.18661
3.29823
2.86936
3.00356
2.79005
2.68534
2.53906
2.79618
2.85479
2.74393
3.21526
3.06142
2.5022
2.90091
2.84948
2.7996
3.35392
3.34745
2.57126
2.73696
3.13754
3.0552
2.22544
3.1254
2.78857
2.92874
2.74837
2.39701
2.75061
2.65965
2.96419
2.97573
3.00693
2.51527
3.00065
3.01175
2.68685
2.95477
2.77052
2.5648
2.87305
2.87352
3.19737
2.90582
3.05914
3.00554
3.12723
2.57252
2.56574
2.75566
3.00912
2.65795
2.84214
2.88999
2.48368
2.37446
2.83706
3.05936
2.55989
3.05063
3.0776
2.95599
3.27837
3.03439
2.88961
2.75031
3.20805
2.78561
2.90736
3.06761
3.1439
2.65356
2.90087
2.68537
2.84262
2.78087
2.98859
3.21614
2.83527
2.52091
2.6494
2.60925
2.77859
2.68235
3.3523
2.47918
2.94611
2.73873
2.65178
2.99703
2.67526
2.82482
3.06035
3.19432
3.06434
2.81185
2.8309
2.77871
2.85419
2.96772
3.26688
3.26763
2.95698
2.84265
3.00078
3.22842
3.23881
2.99495
2.94318
2.72229
2.96472
2.85419
2.91083
2.8542
2.57988
3.05082
2.8913
2.91284
3.01565
3.12385
3.0625
2.87604
2.75409
3.05579
2.93338
2.9096
2.81233
2.91355
2.85361
2.74265
3.09087
2.7086
2.70495
2.7942
2.45334
2.72127
3.03756
3.00252
2.89262
2.85266
2.66621
3.05173
2.19319
2.88602
3.03854
2.94973
2.78007
2.97955
2.65898
3.11687
2.59051
2.18472
3.15079
2.8241
3.04039
2.85363
2.85589
2.74939
2.75077
2.82866
2.68421
3.38578
3.09231
2.5018
2.73789
2.13496
2.90425
2.7311
3.1708
2.97889
2.99926
2.67928
3.04481
2.69366
2.99299
2.65832
2.60645
3.26135
2.63505
2.99844
2.97835
3.06258
2.46664
2.57919
2.61556
3.16904
2.87944
2.89057
2.75381
3.1773
2.64663
2.74303
3.07823
2.47933
3.00054
2.79907
2.57422
2.55021
2.7646
2.46668
3.11613
2.6564
3.29308
3.1957
2.94181
2.45711
2.69237
2.72342
2.89715
2.87
3.1426
3.03521
3.24392
3.09344
2.41942
2.71686
2.83446
2.92353
3.13623
3.1912
2.82713
2.92783
3.05415
2.9827
3.07775
2.93475
3.20395
2.63383
2.76142
3.00752
2.97317
2.73062
3.04724
2.73737
2.91952
3.222
3.38844
2.70729
2.98245
2.8779
3.18166
2.73894
2.83399
2.53428
2.6289
2.87384
2.94487
2.95046
2.95587
3.10811
3.33935
3.11221
3.09622
3.03378
3.17933
3.61519
3.14922
2.8904
2.75148
2.79104
2.73642
3.09709
2.9383
2.88774
3.02366
2.49472
3.0706
2.98066
3.08678
3.16791
3.11359
2.85887
2.7453
2.99727
3.34729
2.91972
3.06653
2.92113
2.49558
2.8124
2.75647
2.71995
2.8967
2.98553
2.86118
3.14938
2.56888
3.0466
2.97611
3.23013
3.13215
2.69605
3.00461
2.64119
2.94561
2.69441
2.99752
2.74086
3.149
2.98944
2.53812
2.57491
3.10692
3.02968
3.04578
2.69387
3.3267
2.97534
2.44668
2.72548
2.95404
3.08398
2.49529
2.64666
2.68972
3.29584
2.84072
2.65664
3.00553
2.73781
2.87383
2.45556
2.62296
2.64853
2.43643
2.92419
3.24456
2.55001
3.12547
2.89179
2.85427
3.06827
2.31465
2.35529
2.91683
2.93173
3.07656
2.8438
2.87764
3.17271
2.98376
2.80089
2.63244
2.58434
2.84355
3.15914
3.02597
2.88104
2.68857
2.98667
3.10945
2.90011
2.66065
3.00385
2.95046
3.01011
2.91177
3.07981
2.91156
2.83051
2.53821
2.89951
3.18434
2.71313
2.83423
2.49611
3.05363
2.8558
2.79909
3.18796
3.08609
3.47714
2.70584
2.53415
3.09516
3.21577
2.90089
3.03122
3.1968
3.02602
2.99981
2.83562
2.75297
2.94914
2.85725
2.98817
3.25184
3.23166
2.71061
2.69878
3.03359
2.91808
2.93534
3.51132
2.8537
3.07027
2.98764
2.95468
2.98777
3.14805
3.41824
2.67767
2.93917
2.98882
2.23327
2.86476
2.7281
2.64995
3.18393
2.73051
3.08117
3.15964
3.28735
3.15302
3.0409
3.04739
2.71805
3.21977
3.10086
3.34884
3.12158
3.07154
2.91282
3.02092
2.69923
2.93151
2.89592
3.24507
3.03352
2.65655
3.16067
2.57953
2.59884
3.00492
2.95956
2.69867
2.84642
2.67826
3.19093
3.27303
2.75658
2.76492
2.76056
2.88033
2.94128
3.08489
2.99368
2.57516
2.48465
2.83767
2.51649
2.98671
2.47539
2.62083
2.58171
3.19427
3.18368
3.03683
2.92662
2.85545
2.51978
3.10784
3.00359
2.93588
3.1375
2.88057
2.68184
2.89604
2.79733
3.09789
3.35764
2.68536
2.73531
2.60925
2.74928
2.83752
2.84763
2.75203
3.01044
3.18717
2.48441
3.13359
3.18879
3.19584
3.03469
2.80272
3.07778
3.22886
2.89426
2.59227
3.1453
3.02277
3.32882
3.12587
2.95795
2.85314
3.04073
2.85685
3.17475
3.21398
2.3269
2.74573
2.84788
2.91576
2.56441
2.8453
2.8916
2.90429
2.62856
3.03268
2.6843
2.64254
2.85325
2.63845
2.80456
2.98483
2.38519
2.55888
2.53728
2.98754
2.95193
2.85904
2.57252
3.02971
3.11735
2.71734
2.50216
2.80649
3.38223
2.74994
2.66243
2.67528
3.19996
2.76771
2.91844
2.74371
2.98177
2.75062
2.30809
2.79433
2.65048
2.6169
2.86571
2.97907
2.77248
2.47098
2.90559
2.83469
3.02422
3.12082
2.73706
3.08011
3.22479
2.76517
3.06512
2.9949
2.90204
3.11036
3.00039
2.37557
2.77725
2.88204
2.87135
2.7887
2.92275
2.84992
2.93956
2.85341
3.06125
2.39001
2.7943
2.48753
2.79659
2.47386
2.79409
2.45923
2.78278
2.78399
2.67968
2.48663
2.57254
3.06476
2.27853
2.60966
2.72035
2.67834
2.20769
2.65584
2.4554
2.91039
3.20239
2.95659
2.77407
2.8683
2.44931
2.72679
3.04728
3.0939
2.59425
2.60131
2.32842
2.88985
2.7708
2.89759
2.91685
2.84
2.6652
2.66058
2.67324
2.69124
3.13159
2.40175
2.62457
2.6963
2.57409
2.52533
2.75187
2.78963
2.51316
2.56393
2.77424
2.84629
2.61018
2.90311
2.92411
2.89014
3.03831
2.57643
2.80827
2.66732
2.30541
2.3658
2.25552
2.63355
2.78945
2.54213
2.57681
2.98128
2.42715
2.649
3.04294
2.71557
2.86062
2.65333
3.00498
3.21012
3.00029
2.93541
2.76889
2.68219
2.53222
2.76213
2.74634
2.80028
2.85354
2.9199
2.49105
2.98821
3.12154
2.63021
2.78846
3.128
2.95951
3.29651
2.89178
3.01309
2.34509
2.66089
2.7325
3.10642
2.87358
3.14028
2.97022
2.87144
2.80783
2.63488
3.16905
3.10043
3.00759
2.91913
2.62235
2.94941
2.43935
2.80137
2.86998
2.6764
3.22995
2.50548
2.76301
2.91644
3.22191
2.87953
2.87739
3.2316
3.13051
3.03549
2.74091
3.30239
2.86135
3.17914
2.77383
3.27048
3.03526
2.68265
2.39233
3.34279
3.19077
3.06503
3.04565
2.92138
2.63366
2.98664
2.90127
2.94965
2.53067
2.64308
2.59978
2.5161
2.97839
2.41192
2.58554
2.45218
2.59292
2.74299
2.76992
3.07079
3.12884
2.65533
2.87487
2.65015
2.92205
3.03553
2.98269
2.64712
2.80518
2.39804
2.76422
2.65658
3.19222
2.98115
2.58971
2.9231
2.36161
2.61399
3.25184
3.05021
2.5224
2.57664
2.59995
2.83179
2.92854
2.86147
2.91647
2.58416
2.29437
3.03098
2.79808
2.95963
3.03944
2.74527
3.01903
2.37808
2.67024
2.56887
3.04714
2.40354
3.10045
2.72231
2.92062
2.58551
2.71483
2.27745
2.988
2.72887
3.18314
3.25919
2.75671
2.85218
3.07093
3.1516
3.11184
2.4931
3.29373
3.09234
3.18114
2.79656
3.03022
2.7055
3.14144
2.97109
2.55849
2.98369
2.91845
2.37338
3.0813
3.12518
2.93016
3.34736
3.15968
2.90921
2.75308
2.75842
3.07406
2.82201
2.90093
3.05911
3.12673
2.89737
3.11997
3.06635
2.8524
3.04582
3.08169
2.61386
2.91268
3.20064
2.82887
3.03881
3.21107
2.73945
3.14798
2.7286
2.76877
3.36738
3.4178
3.12382
2.62886
3.24067
2.98106
2.67006
3.20041
3.18611
3.02841
3.00366
2.69759
2.83255
3.18764
2.82035
2.99965
3.16002
2.79127
2.80595
3.02226
3.16431
2.70496
2.35685
3.07742
3.0928
2.84083
2.81378
2.61413
2.86829
2.32563
2.41813
2.87676
2.99066
2.94532
2.78789
2.94039
3.09406
2.70804
2.73825
3.12067
3.00939
3.05354
2.43826
2.66225
2.57373
3.15934
3.14954
2.9454
2.8595
2.75048
2.96899
2.67923
2.62073
2.69475
2.7578
2.78687
3.01608
2.59765
2.51824
2.65709
3.04106
3.29702
2.89896
2.94545
3.16271
3.00139
2.64336
2.92608
2.71412
3.05589
2.95776
2.91729
2.92426
2.66256
2.52743
2.78098
3.11691
2.64761
3.152
2.77203
3.13896
2.86008
2.65559
3.02208
3.28951
2.78298
3.22499
3
2.98144
2.77005
2.84806
3.42349
3.06543
2.92267
2.85804
2.76157
2.67612
3.43476
2.60061
2.8282
2.4821
3.09393
2.72983
3.04635
2.78125
2.95589
2.86585
2.6688
3.21139
2.95999
3.29261
3.01696
3.03185
2.90569
2.90745
3.02457
3.18222
3.19472
2.76593
2.68053
2.9477
2.47912
3.04651
2.63701
2.97442
2.94608
2.77629
3.3558
3.43436
2.78503
3.08181
2.91619
3.11052
3.13786
2.72597
2.72888
2.92905
3.32218
3.02645
3.34674
3.05051
2.80573
2.93938
2.9542
2.85764
3.0714
2.75533
2.8906
2.78448
2.62759
2.94825
2.83217
2.36048
2.48446
3.05415
2.79956
2.5643
2.82891
2.74072
2.68084
2.75531
2.55684
2.67366
2.57446
2.60824
2.60679
3.02586
2.64842
2.51983
2.44061
2.44124
3.19193
2.64098
2.59259
2.90804
2.74827
2.51219
2.55696
2.96027
3.04803
3.38969
2.7285
2.74494
3.04659
2.50352
2.46519
2.472
2.48645
2.66836
2.74973
2.52871
2.51918
2.37687
2.56477
2.86448
2.68612
2.83588
2.81264
2.6769
3.03096
2.58818
2.7965
2.65839
2.60478
3.06533
2.84119
2.41473
2.63959
2.92527
3.28816
3.28367
2.90416
2.71063
3.14043
2.69013
2.48699
3.05909
2.49325
2.2078
2.8117
2.99762
2.54221
3.06036
2.806
2.34412
2.61322
2.86088
2.79977
3.06217
2.99739
2.98126
2.61433
2.97634
2.9914
2.7703
2.81296
3.26516
2.99605
2.59658
3.00899
3.00249
3.32629
3.09467
2.71904
2.6344
2.49834
2.83465
2.64369
2.89629
3.29967
2.74046
2.80612
2.84295
2.79258
2.88756
2.88591
2.70999
2.92616
3.17647
3.24999
2.57042
3.03357
2.94246
2.68808
2.99427
2.97167
2.88802
3.3224
2.54804
2.75158
2.93368
3.1583
2.97371
2.81253
3.23612
2.73857
3.08588
3.09849
2.70355
3.08616
2.91941
3.3051
2.72757
3.03694
2.77987
2.76863
3.05245
2.54097
2.87069
2.85841
3.41723
2.66849
2.99804
2.96588
3.04402
2.61933
2.8965
2.56562
2.84469
3.01518
2.87953
2.96945
2.72228
2.81773
2.85472
3.24488
2.7407
2.5201
3.01772
2.90939
3.05344
3.15973
2.77373
2.99409
2.83432
2.78623
3.13921
3.1521
2.99011
2.72342
2.62617
2.98151
2.98786
3.0364
2.94033
3.05546
2.57169
2.72181
2.61161
2.94734
3.13835
2.49142
3.13137
2.8802
3.39731
2.52894
2.69673
2.63501
2.99075
2.81927
3.01989
3.10678
2.88343
3.37757
3.07433
3.20706
3.24728
3.03628
2.93667
3.1189
3.10981
2.89382
2.88334
2.75231
2.98918
3.21709
3.09261
3.1966
3.17503
2.99783
2.83806
2.72979
2.87727
3.21653
2.83121
2.97519
3.02787
2.93182
2.93309
2.43172
2.89619
3.07777
2.55946
3.13477
3.3086
3.0995
2.90804
2.96471
3.24409
3.09637
2.46881
3.1565
3.06546
2.90102
2.8643
2.85821
3.12721
2.72408
2.69484
2.93237
3.12207
2.90373
2.90029
3.0693
2.51322
2.78325
2.59521
3.01112
2.42932
2.40859
3.07772
2.77092
2.79982
2.6374
2.93015
2.91671
2.3883
3.02313
2.86547
3.06161
2.90049
2.75857
2.43704
2.77123
2.98576
2.4969
2.64114
2.85163
2.69811
2.28165
2.95723
2.89801
3.00685
2.68177
2.64486
3.15592
2.96798
2.51251
2.61697
2.89219
2.76583
2.9471
2.9633
3.02633
2.71203
2.99128
2.54156
2.28881
3.10972
2.84062
2.71143
2.81919
2.49984
2.88269
3.02521
3.14929
2.78655
3.09958
2.90485
3.08334
2.93198
3.05636
2.91984
3.06887
2.62343
2.96996
2.57543
2.84439
2.45245
2.87086
3.34145
2.8592
2.10159
3.00834
2.65687
3.0965
2.98374
3.11358
2.65349
2.75269
2.91849
3.22899
2.64524
2.98242
2.67656
2.84771
3.02649
2.49073
2.78135
2.48461
2.87653
2.58782
3.01579
2.33944
3.14461
2.70377
2.5738
2.86211
2.85449
2.42265
2.87467
2.91585
2.62267
3.04971
2.79572
2.92968
2.95496
2.61384
2.36594
2.70727
2.82336
2.88438
2.96892
2.97577
2.20239
2.60293
2.72856
2.88246
2.86455
2.53812
3.30362
3.39198
2.92426
2.68278
2.84925
2.81062
3.18579
2.77322
2.75856
2.86322
3.30484
2.90978
2.97352
2.84209
2.88396
2.87617
2.75687
2.70565
3.44582
2.78122
3.25742
3.20159
3.10785
2.80396
3.06743
3.06636
3.13354
2.63985
3.17154
2.95479
3.0395
2.71376
2.93892
3.05503
3.09773
2.79919
2.81787
2.89964
3.03003
3.06941
2.949
2.8429
3.3512
2.99422
2.96078
2.73123
3.39557
2.74269
2.97887
2.82311
3.10715
3.1157
3.11977
2.81781
3.29999
3.11636
2.45872
3.14471
2.86716
2.39931
2.90001
2.83907
2.7482
2.90233
2.54928
2.84043
3.11516
2.28283
2.59376
2.96048
3.09667
2.46565
2.73055
2.13335
3.22666
2.68316
2.81182
2.75843
2.80283
2.61273
2.60387
2.97426
3.02188
3.15238
2.70403
2.60202
2.94332
2.15018
2.46355
2.35227
2.67781
2.65106
2.76823
2.86874
2.97931
2.6118
2.78227
2.7581
3.00642
2.98065
2.63981
2.85868
2.9693
2.50451
2.75907
2.68262
2.73721
2.98621
2.61185
2.64669
2.97123
2.87319
2.93057
2.45593
2.77852
2.83025
3.09829
2.97947
2.93461
2.73142
2.57351
2.36234
2.66681
2.65664
2.74153
2.96522
2.68914
2.80422
2.81328
2.50376
2.94147
2.91887
2.93665
2.77431
2.59014
2.69283
3.00033
3.22271
3.44617
2.60166
2.69816
2.82981
2.44389
2.21848
2.41735
2.81349
2.71476
2.7725
2.56559
2.92088
3.00468
2.68512
2.73061
2.84473
2.68378
3.26013
3.20764
2.88491
2.78495
2.93586
2.61353
2.87095
3.09577
2.7219
2.60067
2.65892
2.80086
2.68118
2.79231
2.90158
3.24106
3.07525
3.26871
3.24842
2.7607
3.07428
2.91582
3.41822
3.06941
3.54857
2.96684
2.87424
3.2794
2.48341
3.23597
3.13096
3.09443
2.91061
3.158
2.69594
2.91797
2.82623
3.02971
3.04422
3.10523
2.91984
3.01613
2.9119
3.04474
3.14184
3.00097
2.55038
3.12826
3.03462
3.30906
3.18766
3.06856
2.85721
3.02604
3.03346
2.79022
2.92536
2.78858
3.10457
2.99034
2.98047
2.7567
2.86441
2.67036
3.25862
2.99519
2.73422
2.85467
3.04248
2.73473
3.12335
3.0338
2.68939
2.64094
2.85158
2.77732
2.80429
3.30693
2.76222
3.03466
2.81433
2.94256
2.72114
3.01827
3.23931
2.94149
2.775
2.71874
2.63167
3.04266
2.76016
2.9343
2.97856
2.67798
2.67761
3.0939
2.83932
3.20904
2.93045
2.76069
2.77752
2.588
3.01104
2.89393
3.15091
3.22613
2.92957
3.02216
2.72964
3.09271
2.93483
2.83099
2.85858
2.7658
3.07761
2.9218
2.2913
2.99361
2.51955
2.42325
2.63453
2.40373
2.92807
2.61346
2.61084
2.79098
2.55673
2.61389
2.97102
2.67302
2.76406
2.45923
2.39891
2.75756
2.7229
2.94372
3.23811
2.74214
2.36987
2.65801
2.44809
2.75747
2.82418
2.40986
2.62694
2.41455
2.76434
2.48552
2.55265
3.03524
2.49357
2.75991
2.3849
2.56774
2.96687
2.8159
2.6404
2.78887
2.95202
2.80367
2.55289
2.70488
2.51628
2.0126
2.49339
2.66541
2.61536
2.87172
2.43251
2.57085
2.69816
3.11714
2.79773
2.69556
2.54472
2.7602
2.67009
2.821
2.69469
2.92992
2.86183
2.8925
2.72666
2.69852
2.91233
2.97839
3.07031
2.56435
2.99192
2.70119
2.85264
2.76114
2.81869
2.69379
2.66763
2.7994
2.63326
2.7917
2.37647
3.1305
2.4977
2.81497
2.49542
3.02413
2.87338
3.1089
2.68858
2.37567
2.70627
2.57602
2.91725
2.60826
2.84651
2.70494
2.60573
2.72911
3.12436
2.50685
3.12196
2.85048
2.75304
2.69718
3.15211
3.26099
2.88182
2.69561
2.97407
3.15679
3.27577
2.95776
2.71228
2.84743
2.66334
2.6306
3.47064
2.95011
2.85803
3.34271
3.00428
3.21365
3.01069
3.21894
2.93884
3.20674
2.91119
2.78962
2.84059
2.96442
2.86717
2.59655
3.07098
3.34021
2.89494
3.08924
2.81607
2.6994
2.53725
2.67707
3.22712
3.04754
2.63667
2.66009
3.23748
2.72533
2.95366
2.73417
3.30746
2.81187
2.83377
2.70136
3.09238
3.30093
3.25276
2.57254
2.53174
2.70979
2.60407
2.87327
3.19364
2.86878
3.09935
2.69663
2.65376
2.6044
2.75464
2.80634
3.1041
2.7512
2.68669
2.62833
2.57004
2.90586
3.02206
2.5622
2.4964
2.41647
2.95426
2.88893
2.83788
3.05914
2.74515
2.99195
2.90431
3.10878
2.97454
3.22231
2.89845
2.62492
2.99678
2.63808
2.61458
2.75312
2.81669
3.22014
3.15918
2.71315
2.84601
2.7616
2.55421
2.70104
3.02766
2.91917
3.04219
3.02657
3.07529
2.51758
2.66978
3.17031
2.70876
2.75081
2.88035
2.79635
2.84702
3.03291
2.53723
3.05551
2.88533
3.18689
3.32679
3.24527
2.7088
3.14674
2.8057
3.04755
2.72295
2.80568
3.07183
2.87554
2.68976
3.0848
2.91348
2.89543
3.37203
2.88359
2.86507
3.0834
2.8829
3.34733
2.64165
3.39049
2.74477
2.80166
2.64418
2.78736
2.83996
3.32169
3.01733
3.1044
2.89207
2.54637
2.95145
2.79448
2.80837
3.07287
2.89065
2.94265
2.74352
2.6314
3.36489
3.05794
2.94424
2.74602
2.66772
2.75895
2.81583
3.23806
2.68437
2.79394
2.84847
2.68337
2.88413
2.38888
2.41235
2.48822
2.76689
3.03201
3.09003
3.06868
2.98233
2.94217
2.97748
2.8386
2.81544
2.93548
2.97638
2.6681
2.99239
3.2654
2.89462
3.17661
3.07052
2.97529
2.8301
3.14826
2.66483
3.09895
2.7462
2.73754
2.87239
2.90495
2.79652
2.71306
2.62214
2.95745
2.80076
2.66756
3.04831
2.73702
2.9394
3.04055
2.81083
2.73527
2.87692
3.01965
2.81503
2.73056
2.30682
2.64019
2.29562
2.52908
2.869
2.60158
2.6201
2.71611
2.72552
2.77746
3.20231
2.92731
2.75535
2.46623
2.79676
2.61291
2.98317
3.09234
2.715
3.0626
2.67401
2.40314
2.60099
2.59763
2.4946
2.84725
3.18945
3.20608
2.7862
2.92028
2.82442
2.95471
3.09932
2.86134
2.95117
3.17079
2.91479
2.75731
2.64125
3.07824
2.91984
3.24343
3.06267
2.76517
2.83435
2.68061
2.7946
2.78743
3.03931
2.62771
2.6292
2.76165
2.79723
2.97194
3.0901
2.59765
2.84286
2.91123
3.08117
3.11094
2.79546
2.95545
2.97146
2.98572
2.83826
2.71906
2.71773
2.97055
2.78967
2.914
3.08533
2.65922
2.86222
3.16558
2.70232
2.94879
2.59174
2.78288
2.53194
2.77422
2.60282
2.58738
2.72002
2.60604
3.22683
2.63937
3.01472
2.27735
2.7113
2.82151
2.70591
2.5963
2.8426
2.73131
2.8576
3.05317
2.45218
3.07096
2.64864
2.87158
2.68222
2.41426
2.70022
2.61978
2.95651
2.74078
2.20234
3.01118
2.88312
2.68195
2.81616
2.5683
2.72899
2.84058
2.4832
3.273
3.06973
2.95907
2.69336
2.40864
2.86361
2.31406
3.25913
2.74768
2.85491
2.90332
2.70872
2.86496
3.07875
2.97834
2.68916
2.60804
2.95371
2.77093
2.99492
2.47193
3.14623
2.65111
2.79266
2.98195
2.79205
2.85595
2.86084
2.97849
2.88887
2.70256
3.06422
2.63432
3.10094
2.99149
2.68706
3.01044
2.73058
3.07408
3.09428
2.8799
2.41983
2.61195
3.05237
2.61852
3.26754
2.98064
3.02436
3.07669
2.56862
2.64694
3.11157
2.98086
2.98109
3.51062
3.31373
3.02173
2.97869
2.81633
2.8174
2.7612
2.77203
3.16875
2.96302
3.27381
2.95527
2.51438
3.17509
3.08241
3.13303
2.88926
2.93699
2.83354
2.95942
2.65758
3.12926
3.04049
2.92707
2.85035
3.14654
2.59282
2.82016
3.06032
3.09974
2.969
2.84977
2.63338
2.63948
3.15173
2.76467
3.23011
3.35368
3.2783
3.04547
3.27921
2.85821
3.1694
3.20293
2.82533
2.70154
3.13755
3.07067
2.6607
2.89176
3.25166
2.98262
3.05593
2.54453
3.16204
2.92783
3.06353
2.84126
2.89418
2.98331
2.60397
3.09707
3.45812
3.29245
3.16599
2.70489
3.24258
2.92238
3.31089
2.56954
2.34491
3.24941
2.70708
2.75841
3.10267
2.34281
3.04145
2.67423
2.88071
2.40383
2.87845
3.10682
2.92157
2.91199
2.8007
2.9024
3.0024
2.61268
2.77794
2.7609
2.42234
2.57522
2.67943
2.43011
2.35857
3.01013
2.96155
2.97645
3.21059
2.94787
2.47627
3.12587
2.91526
2.98864
2.67573
2.41985
2.44269
2.59723
2.75358
2.68218
2.5899
2.50276
2.76612
2.64081
2.6366
2.84326
3.21014
2.76031
2.71481
2.81185
2.64715
2.82803
2.83662
2.77044
2.53912
2.75113
2.70589
2.40061
2.59321
3.05222
2.6575
2.4047
2.76121
2.91027
2.75124
2.52405
2.79063
2.91872
3.14826
3.00912
2.76734
3.11413
2.67979
2.92544
2.67349
2.60647
2.63013
2.95098
2.36164
2.75689
2.98227
3.18456
2.66372
2.83642
2.92076
2.9145
2.67998
2.67969
2.92834
3.23447
3.03908
2.46488
2.30113
3.04719
2.73107
2.73136
2.63848
3.04884
2.69455
2.99836
2.77414
2.80131
2.7635
2.97936
2.83972
2.62841
3.09191
2.72279
2.60249
3.13663
2.58881
2.7351
2.78073
2.97007
2.99839
3.12339
2.57385
2.66249
2.92332
2.88166
3.18664
2.92406
2.64393
2.88604
2.96541
2.69115
2.94602
3.13139
2.65661
2.54507
2.58771
2.9291
2.82155
3.07196
3.34869
2.76341
2.70851
2.88107
3.37579
3.47944
3.11243
2.94326
2.85969
2.76772
3.14424
3.11633
2.92404
2.62008
3.09231
2.90591
2.75008
2.71676
2.69934
2.61396
3.09627
2.75585
3.30046
2.74384
2.97338
2.90074
2.76813
2.84656
2.95052
2.98203
2.70366
2.83661
2.79229
2.63664
3.29214
2.61601
2.97526
2.72989
2.55297
2.62147
2.79884
2.80894
3.03092
3.13737
3.13568
3.02341
2.70719
2.75743
3.17251
2.91855
2.92622
2.72749
2.47945
2.82285
2.7621
2.73451
2.60653
2.51575
3.19299
3.1586
2.86979
2.54911
3.46992
3.07593
3.3358
3.06042
2.76919
2.86431
3.07655
2.37324
3.00402
3.34592
3.20291
3.2186
2.85248
3.02708
2.69372
2.95172
2.60526
2.72942
3.13963
2.99577
2.94846
3.35907
2.62378
2.98292
3.35869
3.29535
2.89126
3.19428
2.87303
3.28028
3.19726
2.71326
3.01922
2.77612
3.20624
2.89194
2.94264
2.63663
2.69458
3.00347
2.49224
2.87563
2.92646
2.57591
3.11507
2.76991
3.15303
3.3911
3.119
2.96379
3.01763
2.64655
2.99207
2.60578
2.43836
2.94855
2.98902
3.1603
3.11791
2.83032
2.62241
2.70284
3.21502
3.1565
2.88352
2.50179
2.92493
3.16791
2.8103
2.86861
2.21766
2.38776
2.92119
2.87808
2.5909
2.92152
3.15496
3.1883
2.6505
2.73524
2.89917
3.26404
2.57934
3.14783
2.94119
2.93577
3.07803
2.94766
2.84413
2.50745
3.36347
2.85676
2.90615
2.89273
2.64311
2.82591
2.91859
3.26912
2.91074
2.74682
2.8657
2.83832
2.36949
2.57869
3.08563
2.69194
2.53736
3.05196
2.67811
2.3227
2.86805
2.34425
2.48834
3.28045
2.65206
2.49679
2.81287
3.1868
2.88891
3.17992
2.25333
2.59782
2.49602
2.54236
2.85168
2.65217
3.18616
2.66746
3.04961
2.65423
2.53695
2.83168
3.03486
2.59048
2.86889
2.58762
2.81359
2.89596
2.31067
2.95907
2.68896
2.59054
3.04837
3.01802
2.60848
2.97443
2.60831
2.91128
2.96257
2.91071
2.29091
2.85482
2.79191
2.94927
3.22167
3.11974
2.88087
2.56948
2.57619
3.0037
2.79422
2.71116
2.87028
2.75967
2.96579
2.64093
2.95171
3.00586
2.70627
3.02187
2.58624
2.64058
3.02212
3.03041
2.88525
3.01707
2.91463
3.34281
2.99432
2.92513
2.8135
2.9186
2.93866
2.73348
2.82193
2.8576
2.71804
3.0367
2.34213
2.97483
2.71398
2.72411
2.92906
3.24959
2.90771
2.92728
2.81475
2.91861
3.01668
2.99905
3.0402
3.02647
3.10106
2.99827
2.84308
2.8567
2.76952
2.95295
2.62614
2.86037
2.70151
3.06378
2.74722
3.0311
2.98807
2.6242
2.57296
3.01012
2.9308
2.82751
2.88451
2.9162
2.9238
3.0901
3.03653
3.16841
3.17677
2.96723
2.92018
2.85819
3.06228
3.30368
2.79504
2.78923
3.20849
3.41568
2.80696
2.58821
3.17451
3.14397
2.65278
2.8058
3.18437
2.58512
3.08949
3.0483
3.27596
2.71692
2.08493
2.85302
2.65208
2.77585
2.62841
2.83817
2.73269
2.48264
2.64425
2.64608
2.96999
2.88911
2.43951
2.62555
2.95156
2.66092
2.88667
2.76638
2.49461
2.8925
2.88939
2.84995
2.63292
3.05747
2.42086
2.88945
2.77499
2.8111
2.85598
2.56883
2.90315
2.79782
2.75981
2.68149
2.56964
2.88584
3.21358
2.78498
2.62272
2.63076
2.95631
2.97619
2.64646
3.3255
2.62415
3.0677
2.89556
2.95366
2.76192
2.94757
2.39959
2.98803
3.11627
2.85524
2.49311
2.84762
2.95257
2.75451
2.63108
2.92588
3.18917
3.1435
2.94658
2.90149
3.43377
2.48048
3.10378
2.47814
3.05106
2.76903
2.70185
2.91533
2.72359
2.14381
2.33963
2.6796
2.99143
2.80466
2.71004
2.66026
2.84538
2.95822
2.56729
2.96849
3.07482
2.8501
3.03013
3.00421
3.10755
2.88487
2.91152
2.88901
3.0553
2.88759
2.69023
2.908
2.51803
2.86713
2.86375
2.59647
3.14688
2.54575
2.82743
2.71938
2.68542
2.87919
2.39652
2.98916
2.93785
2.73235
2.6001
2.66326
2.5925
3.09314
3.10135
2.90115
2.5647
2.73087
2.52572
3.05684
2.39661
2.81141
2.73974
2.63522
3.19679
3.1144
2.88646
2.71655
3.08495
2.83504
2.65157
2.93386
2.80308
3.2057
3.06132
2.71715
2.85534
3.07086
3.17351
2.80541
3.21739
2.66378
2.81533
2.74265
2.83928
2.78868
3.10171
2.73485
2.84823
2.90867
2.88889
2.9761
2.59706
2.70465
3.20592
2.73903
2.97331
3.01622
2.94463
2.70067
3.00244
2.74331
2.95754
2.60547
2.8278
3.0106
3.04677
2.86929
2.83615
2.71432
2.65993
3.16791
3.17082
2.65156
3.02669
3.05276
3.0032
2.93003
2.73905
2.89528
2.42102
2.76181
2.43038
2.70822
2.95605
2.63634
2.72784
2.67599
3.08496
2.89638
2.88588
2.83743
2.67817
3.21256
2.98068
2.86528
2.71992
2.94586
2.57221
2.91136
2.72882
2.93142
2.62658
2.71497
2.24387
3.21415
2.73693
2.57908
3.21483
2.84175
3.09433
2.87313
2.99213
3.073
3.19743
3.36003
2.76307
2.64445
2.39894
2.65948
2.80239
2.80653
2.59403
2.78012
2.79927
3.24125
2.8927
2.75724
3.17235
2.87837
3.19633
3.05599
3.20855
3.05743
2.41459
2.95401
2.76071
3.14216
3.44616
2.59731
2.77143
3.04822
2.93286
2.8743
3.04568
3.03502
2.8137
2.79092
3.01964
2.73863
3.15262
3.20269
3.11174
3.09841
3.20189
2.60332
2.70562
2.66041
2.5027
3.11673
3.04164
2.91962
2.76502
3.11793
2.38031
2.85638
2.55095
3.25213
2.89547
2.7368
2.72414
3.11549
3.00073
2.62407
2.86849
2.75683
2.70936
2.55282
2.64212
2.74859
2.89067
3.38708
2.61213
3.20936
2.52831
3.0966
2.88771
3.01612
2.69519
2.62972
2.81308
2.94029
3.2144
3.17072
3.28088
2.95287
3.20766
2.91318
2.78248
3.16981
3.06976
3.07639
3.30871
2.85542
3.15264
2.94307
3.25654
2.47634
2.86836
2.93176
2.80999
2.78513
2.83902
2.69087
2.97553
2.89257
2.87024
3.0345
2.47176
2.52837
2.96981
2.92808
2.59133
2.96457
3.00147
2.8318
3.09164
2.99353
2.78057
2.72746
2.72253
2.86946
3.0358
2.96442
2.95266
2.77567
3.0974
2.81796
2.87712
2.99063
2.82247
2.72966
3.07711
2.37509
3.02134
2.90329
2.92249
2.35336
3.37939
2.74329
2.79298
2.86095
2.56465
2.94626
2.95639
2.97616
2.31046
3.11067
2.86588
2.71102
2.54745
2.96182
2.61209
3.00775
2.86839
2.75407
2.77426
2.78462
2.72834
3.04369
3.0223
2.69089
3.00683
3.03797
2.79695
2.87899
2.63067
3.03418
