1.41082
1.39355
1.35606
1.54789
1.52069
1.33444
1.14574
1.85682
1.21452
0.924388
0.953264
1.53388
0.915555
1.53238
1.3365
1.9043
1.07392
1.54718
1.72138
1.19551
1.10247
1.0776
1.1715
1.4588
1.71861
1.12614
1.58142
1.17336
1.49199
0.939816
1.52084
1.41675
1.13201
1.49428
1.37329
1.23734
1.03489
1.24709
1.17244
1.3758
1.5566
1.51605
1.24721
1.35472
1.53783
1.40668
1.50232
1.29883
1.27131
1.24584
1.48209
1.28711
1.30599
1.14083
0.75624
1.30185
0.759146
1.23434
1.19243
1.76839
1.41634
1.40761
1.33362
1.31728
1.58195
1.37763
1.41677
1.44219
0.972507
1.08606
1.23745
1.09622
1.01803
1.39364
1.20337
1.00835
0.868681
1.22761
1.48536
1.10003
1.40069
1.37515
1.29033
1.49738
1.08487
1.16885
1.7087
1.14038
1.2683
1.27957
1.67517
0.989925
1.08609
1.55912
1.31308
1.23725
1.63796
1.00598
1.2585
1.49199
0.819172
1.67981
1.52594
1.73299
1.31675
1.47005
1.57525
1.39619
1.32128
1.46744
1.48919
0.94233
1.88601
1.65732
0.915553
1.69276
1.50323
1.22922
1.67803
1.32935
1.4507
1.12233
1.11979
1.08229
1.1342
0.975066
1.57508
1.30317
1.10688
1.3694
1.67615
1.30939
1.09075
1.39132
1.2554
1.49766
1.33254
1.54516
1.54188
1.51331
1.50847
1.54078
1.355
1.21954
1.09167
1.56591
1.8376
1.15776
1.19207
1.30397
1.40688
1.1521
1.65045
1.70591
1.24047
1.11061
1.4257
1.54131
1.49451
1.37418
1.40444
1.02752
1.26307
1.26105
1.25962
1.31783
1.72672
1.43383
1.81799
1.32756
1.53339
1.48272
1.26427
1.22785
1.45514
1.17509
1.46559
0.826443
1.4663
1.12346
1.48456
1.55087
1.3537
1.14866
1.58464
1.28948
0.697232
1.51918
1.37719
1.4038
1.28661
0.717347
1.81526
1.3138
1.20441
1.50402
1.32065
1.19534
1.02001
1.6329
1.42141
1.26867
1.31312
1.1829
1.30623
1.39917
1.12637
0.896952
1.48511
1.44562
1.26439
1.19705
1.60306
1.29034
1.26101
1.3163
1.21497
0.89224
1.54866
1.31148
1.03337
1.64989
1.1931
1.58362
1.52758
1.98061
1.33781
1.33521
1.02336
1.08195
1.18413
1.65071
1.08437
1.68349
1.2435
1.47432
1.56059
1.17691
0.951352
1.86181
1.51272
1.09512
1.33472
1.29141
1.33706
1.41832
1.54033
1.66489
1.42666
1.53296
1.3392
0.9924
1.38846
1.56645
1.30989
1.17881
1.41088
1.82926
1.51233
1.63168
0.786211
1.26746
1.77275
1.63454
0.934159
1.51277
1.58191
1.61378
1.31225
1.66308
1.43755
1.39016
1.57223
1.57176
1.46467
2.01463
1.8859
1.2434
1.4042
0.962812
1.11716
1.20126
1.23759
1.40638
1.51156
1.43256
0.981356
1.30776
1.56565
1.58464
1.47084
1.14045
1.55394
1.14773
1.39544
1.59422
1.64932
1.32182
1.51736
1.4957
1.43704
1.16693
1.4506
1.352
1.23459
1.83648
1.66934
0.89621
1.59365
1.25453
1.31294
1.69677
1.30523
1.01116
1.34374
1.04186
1.24746
1.08678
0.923049
1.35704
1.23154
1.61335
1.50356
1.46239
1.42313
1.19075
1.64084
1.30092
1.12322
1.59568
1.54698
1.6193
1.56423
1.28695
1.28705
1.39965
1.24984
1.11286
1.62557
1.54624
1.29775
1.33872
1.53039
1.50308
1.3878
1.57161
1.73551
1.1511
0.703532
1.4744
1.61736
1.31974
1.4538
1.51394
1.23018
1.56756
1.03841
1.21425
1.51194
1.77921
1.21211
1.73394
1.59178
1.7266
1.58947
1.50811
1.3541
1.52574
1.51512
1.7209
0.9786
1.59933
1.43399
1.38013
1.33624
1.21482
1.2344
1.60134
1.34868
1.07915
1.57788
1.66302
1.17144
1.28314
1.12116
1.78135
1.08506
1.20121
1.62288
1.30184
1.30934
1.27965
0.983552
1.26354
1.13127
1.35143
1.57825
0.916652
1.04569
1.3357
1.19822
1.35734
1.45129
1.16663
1.19326
1.0959
1.16619
0.840596
0.950718
1.28669
1.15306
1.53511
1.20094
1.14552
1.25237
1.70915
1.9976
1.30817
1.12957
1.47284
1.27911
1.51248
1.75508
1.37406
1.43068
1.17313
1.54665
1.40293
0.882766
0.58513
1.61625
1.52442
0.91036
1.45599
1.05411
1.47906
1.21548
1.34845
1.29447
1.56419
1.29154
1.05193
1.03761
1.21102
1.2993
1.07907
1.14496
1.0744
1.68126
1.43829
1.46969
0.777868
1.38477
1.57159
1.37533
0.776012
1.21957
1.37561
1.47361
1.41005
1.41247
1.68316
1.27852
1.50729
1.51384
1.5337
1.57821
1.57488
0.843432
1.17992
0.995998
0.980691
0.914388
1.2716
1.69466
1.21762
1.32359
1.21837
1.38795
1.59824
1.34684
1.39076
1.43747
1.32997
1.045
1.40318
1.15939
1.22665
1.75571
1.26903
1.58335
1.10769
1.5319
1.5148
1.41889
1.42668
1.38216
1.60661
1.69786
1.09874
1.15073
1.25641
1.38196
1.34896
1.22545
1.61564
1.18398
1.64293
1.68055
1.93018
1.71334
1.87669
1.54899
1.81369
0.955227
1.60268
1.80823
1.65434
1.16879
1.6233
1.94917
1.65925
1.45093
1.38512
1.68774
1.33358
1.11147
1.37999
1.61343
1.5531
1.57578
0.94578
1.16514
1.88647
1.57663
1.42325
1.13802
1.58729
1.52587
1.12953
1.59698
0.933258
1.00151
1.04262
0.951485
1.11415
1.5591
1.24149
1.21788
1.05423
1.67988
0.941192
1.5325
1.25966
1.08284
1.82322
1.10522
1.33354
1.28137
1.5846
1.17467
1.26213
0.94547
1.50201
1.51471
1.30126
1.19722
1.83771
1.75566
1.58788
1.45899
1.54861
1.53088
1.13433
1.50015
1.36226
1.87458
1.34309
1.03672
0.88719
1.32424
1.39631
1.18455
1.15823
1.44658
1.20723
1.71244
0.873998
1.21914
1.34867
1.2909
1.08471
1.27699
1.32405
0.845696
1.0376
1.73718
1.28962
1.56829
1.59627
1.59438
1.1816
1.52037
1.53337
1.66199
0.996348
1.45664
1.26135
1.30657
1.2906
0.966873
1.53995
0.955513
1.47616
0.8522
1.35966
1.42031
1.19157
1.53482
1.47778
0.697897
1.46971
0.844636
1.52899
1.23923
1.26978
1.4726
1.37516
1.58411
0.835428
1.60238
1.02054
1.03488
1.04637
1.17652
1.18343
1.57864
1.18125
1.5164
0.967427
1.79335
1.09275
0.972173
0.938101
1.12106
1.04944
1.37643
1.57484
1.32058
1.03745
1.63543
0.97272
1.34744
1.19297
1.64097
0.94539
0.656375
1.09774
1.26549
1.29503
1.50599
1.83597
1.01219
1.43267
1.12447
1.43121
1.62434
0.704723
1.33002
1.28042
1.12759
1.40326
1.19348
1.00848
1.20615
1.2884
1.1585
1.07072
1.1163
1.0686
1.44683
1.22489
1.40061
1.35371
0.922368
1.21186
0.634622
0.981426
1.33028
1.18071
1.44386
1.28127
1.17914
1.32051
1.41447
1.39753
1.15302
1.15063
1.10859
1.22281
1.00281
1.3555
1.10593
1.1409
0.933443
1.55831
1.03327
1.0901
1.09377
1.16937
1.18171
1.13798
1.03468
1.49107
0.942961
1.18299
1.15012
0.92021
1.183
1.12677
1.302
0.557876
1.16934
0.624912
1.02531
1.31647
0.964249
1.34771
1.25153
0.874746
1.09252
0.949255
1.59739
0.900572
0.828914
0.975419
0.912745
1.08625
1.10042
1.30803
1.35501
1.054
1.36282
0.706211
0.95006
1.09432
1.21158
1.0259
0.983937
0.974721
0.988409
0.994603
1.20899
1.39268
0.780824
1.26935
1.21873
1.11894
1.31484
0.933011
1.05908
1.27106
0.872422
1.08504
1.86433
1.32522
1.75009
1.10648
1.69392
1.24795
1.53311
0.854746
1.21343
1.63784
1.29321
0.995723
1.6827
1.27207
1.17542
1.3613
1.09288
1.44631
1.43074
1.58308
1.54447
1.97645
1.71044
1.52055
1.4243
1.17377
1.00622
1.51155
2.00158
1.38823
1.63079
1.37042
1.91194
1.62691
1.34346
1.28301
1.71288
1.74566
0.910823
1.01832
1.802
1.23069
1.26282
1.33241
1.64812
1.72894
1.82204
1.72958
1.18114
1.61341
1.5471
0.550898
1.33926
1.06813
1.56005
1.34554
0.989273
1.0833
0.947728
1.70138
1.64085
1.31006
1.59422
1.3406
1.74369
1.50051
1.61044
1.75883
1.38324
1.70125
1.21858
1.48806
1.70941
1.54526
1.20093
1.19728
1.56677
1.17182
0.643624
1.8014
1.71396
1.53914
1.18266
1.493
1.84863
1.39264
1.54246
1.69218
1.25194
1.40863
1.08187
1.55543
1.4962
1.48235
0.723265
1.53512
1.17829
1.86379
1.61933
1.5294
1.58877
1.49261
1.23563
0.952956
1.35035
1.58057
1.51357
1.47008
1.68079
1.06494
1.66217
1.46296
1.69033
1.21168
1.46818
1.40318
1.52855
0.987445
1.32211
1.5144
1.29955
0.958312
1.14238
1.17045
1.21954
1.15351
1.51482
1.27423
1.44017
1.64164
1.44002
1.43555
1.36948
1.50967
1.21908
1.1914
1.25361
1.13295
1.05724
1.32842
0.990619
1.65758
1.47832
1.54938
1.81897
1.61241
1.65876
1.32669
1.59629
1.83838
1.42419
0.940152
1.14749
1.42824
1.18747
1.42634
1.50469
1.31398
1.43964
1.39708
1.40608
1.28205
1.62875
1.76652
1.31992
1.5467
0.829179
1.20885
1.59247
0.762977
1.30161
0.959468
1.40175
1.15567
0.781246
1.62499
1.3343
1.28609
1.47919
1.30725
1.457
1.04418
1.23222
1.08573
1.28225
1.20518
1.29122
0.848515
1.09448
1.35484
0.819345
1.00428
0.954506
1.10628
1.04701
1.44479
0.830944
1.30602
1.16612
1.18865
1.14076
1.44747
1.27844
0.825713
1.38036
1.02039
1.38111
1.33566
1.27991
1.18872
1.29466
1.52885
1.4864
1.06626
1.09705
1.61854
1.60429
1.08612
0.892631
1.00774
1.07202
1.13058
1.02627
1.32336
1.16283
0.910232
1.20984
0.802445
1.35507
1.35714
1.24181
1.02547
0.905253
1.16098
1.20563
1.30847
1.19248
1.19241
1.01461
1.00442
1.12484
1.18555
0.934264
1.01768
1.4512
0.903757
1.12766
0.355131
1.00831
1.44646
1.22588
1.37974
1.13431
0.920765
1.22603
1.21231
0.838305
1.25558
1.26844
1.37831
1.26508
1.29246
0.965261
1.42099
1.41835
1.3538
1.60314
1.45205
0.877623
0.79979
1.61319
1.0196
1.59482
1.5461
1.50636
1.05393
1.27179
1.20961
1.39371
1.25188
1.18946
1.19253
1.63454
1.35374
1.18646
1.36122
1.30494
1.17334
0.660908
1.53443
1.66481
1.23527
1.56939
1.25786
1.52889
0.758675
0.903195
1.6652
1.51927
1.52277
1.17011
1.56791
1.5314
1.4101
1.26652
1.53973
1.23669
1.2162
0.930666
1.65017
1.41589
1.25157
1.13677
1.29214
1.65715
0.973013
1.35125
1.42163
1.58085
1.14786
1.22485
1.18538
1.54042
1.46757
1.48164
1.25979
1.35049
1.22878
1.23407
1.52021
1.35511
1.19352
1.38056
1.36409
1.17171
1.02274
1.27936
1.5284
1.14464
1.32546
1.38799
1.24079
1.08283
1.05057
1.33257
1.74252
1.36017
1.45573
1.40759
1.81563
1.14175
1.18951
1.34788
1.49335
1.35588
1.35232
1.48017
1.364
1.23513
1.18649
1.55629
1.31335
1.14263
1.50938
1.44275
0.699959
1.06634
1.00863
1.11783
1.14067
1.31208
1.26695
1.20738
1.26659
1.34675
1.76283
1.95127
1.42916
1.24388
1.37295
0.960907
1.39371
1.76643
1.48428
1.29802
1.50205
1.631
1.66498
1.22859
1.10291
1.64594
1.73554
0.728631
1.30788
1.33744
1.37527
1.33969
0.903985
1.58743
1.56512
1.37752
0.903953
1.12248
1.48129
1.6124
0.970366
1.13496
1.11379
1.49942
0.938529
1.35832
0.680737
1.30799
1.36867
1.3211
1.01307
1.616
1.02446
1.37844
0.959514
1.32287
1.53719
1.17223
1.38452
1.44187
1.66347
1.63708
1.39776
0.956014
1.44396
1.00727
0.745661
0.714137
1.37244
1.65664
1.62015
1.20533
1.38022
1.66322
1.44662
1.35125
1.38222
1.32393
1.3903
1.16817
1.47746
1.14262
1.50271
1.29413
1.22234
1.34596
1.25507
0.748594
0.881914
1.12631
1.43943
1.40164
1.04958
1.48804
1.01466
1.38721
1.09078
1.71859
1.24993
1.17579
1.33498
1.20319
1.04709
1.12965
1.21486
1.33962
1.1207
1.14346
1.16795
1.18582
1.01209
1.60248
1.24818
1.27299
1.34156
0.913697
1.2114
1.38777
1.29475
1.17171
1.04323
1.03391
0.936332
0.828826
1.3353
1.24224
1.4565
1.12767
1.22051
1.54557
1.47299
1.54802
1.10331
1.44927
1.43661
1.13801
0.799515
1.20809
1.25059
1.00118
1.16446
1.24233
1.16592
0.999226
1.09626
1.43788
1.30702
1.56791
1.57624
1.03596
1.34298
0.580189
1.00837
1.43723
0.805916
1.31142
1.12958
1.42421
0.920084
0.831249
1.48166
1.32208
1.34403
1.35854
1.27051
1.15685
1.80649
1.59347
1.12615
1.48349
1.54499
0.843754
1.56143
1.1217
1.42868
0.761804
1.33717
1.22377
1.04751
0.894014
1.41966
1.42081
1.4626
0.788402
1.46453
1.11452
1.35898
1.44241
1.66126
1.61191
1.30797
1.50066
1.75791
1.62039
1.27091
1.20862
1.56385
1.58583
0.889334
1.50145
1.63502
1.23631
0.875316
1.34648
1.38389
1.02478
1.36858
1.42357
1.19824
1.15194
1.34407
1.27575
1.47658
1.06821
1.72359
1.19486
1.20249
1.09902
1.21377
1.28243
1.47003
1.48536
1.60595
1.24791
1.47346
1.47106
1.21778
1.50863
1.32468
1.18911
1.42599
1.06169
1.55126
0.843697
1.42786
1.4874
1.36916
0.868913
1.09041
1.21797
1.10426
1.34713
1.26602
1.58307
1.55732
1.23983
1.73745
1.63881
1.28432
1.26073
1.08621
1.48117
1.60647
1.26267
1.42836
1.41835
1.22848
0.894767
1.26945
1.5899
1.44493
1.57974
1.72917
1.51247
1.55509
1.77167
1.54198
1.57139
1.13643
1.65659
1.34643
1.27302
1.54701
1.52307
1.22074
0.675412
1.3205
1.14366
1.06022
1.14604
1.53265
1.52472
1.42898
1.15411
1.39032
1.39368
1.32036
1.29126
1.19752
1.60574
1.29345
1.33646
0.975697
1.59874
0.965196
1.30895
1.30778
1.30866
1.39318
1.62641
1.4273
1.50686
1.48198
1.76381
1.27447
0.857733
0.641284
1.20654
1.11514
1.70951
1.36447
1.41646
1.06466
1.49334
1.26142
1.44714
1.3633
1.78246
0.892125
1.2444
1.2873
1.26957
1.43834
1.37853
1.72055
0.819495
1.18836
0.985148
1.23527
1.70785
1.00744
1.5307
1.68878
0.920022
1.23631
1.40684
1.37516
1.02178
1.3643
1.49665
1.36804
1.37821
1.61068
1.04339
1.36191
1.54684
1.69566
1.51211
1.84301
1.80009
1.72848
1.5039
1.4055
0.966265
1.5762
1.84278
1.37362
1.87964
1.42413
1.69852
1.38666
1.61196
1.41473
1.85553
1.67692
1.19024
1.05795
1.57882
1.1884
1.5253
1.442
1.59788
1.68085
1.93895
1.74809
1.31853
1.87878
1.75052
0.66301
1.16323
1.0224
1.54445
1.67816
1.1879
1.32909
1.23703
1.61159
1.69407
1.35795
1.69443
1.52002
1.6615
1.51174
1.61247
1.76171
1.33383
1.56808
1.40541
1.67843
1.79134
1.75195
1.13767
1.13775
1.4738
1.34041
1.07372
1.78507
1.83593
1.59004
1.33251
1.46406
1.74818
1.41305
1.67751
1.91461
1.25838
1.6791
1.19767
1.47498
1.24774
0.780293
1.42899
1.07274
0.880276
1.10041
1.25376
0.80751
1.18169
1.02511
1.12845
1.15068
1.40364
1.36734
1.01325
1.19923
0.881952
1.40058
1.22446
1.03601
1.31548
1.41287
1.53059
1.55932
1.16072
1.29156
1.32802
1.58717
0.950788
1.0277
1.41396
0.925672
1.16866
1.04529
1.58487
1.21498
1.24288
1.47189
0.890721
1.07069
1.42729
1.31093
0.974942
1.24124
1.16575
0.854833
1.35819
1.04101
0.847595
1.27441
1.40154
1.16409
1.49516
1.08069
1.30369
1.35653
1.2625
0.937048
1.00295
1.32104
1.47146
1.04152
1.46528
1.19375
1.13841
1.20423
1.12817
0.826256
1.28836
1.28608
1.17157
1.50963
1.34894
0.967634
1.50622
1.22033
1.39882
1.21542
1.037
1.19703
1.13455
0.967256
1.36492
1.26707
0.95701
1.41497
1.21464
1.24959
1.46646
1.08636
1.17565
0.892771
1.34887
1.65272
1.45575
1.05041
1.85035
1.43344
1.84008
1.39117
1.58475
1.51865
1.31241
1.33135
1.18126
1.20216
1.1127
1.50444
1.65597
1.25503
1.47239
0.852984
1.3567
1.17086
1.37231
1.1911
1.34145
1.25291
1.3551
1.30898
1.38327
1.40265
1.35515
0.951077
1.00821
1.42968
1.66043
1.59099
1.49614
1.5467
1.14938
1.43767
1.28967
1.21323
1.42029
1.20269
1.85035
1.10835
1.49259
1.05089
1.18874
1.77537
1.47289
1.30071
1.3441
0.882006
1.08027
1.26247
1.11664
1.51067
1.26681
1.69763
1.14325
1.4069
1.25725
1.47273
1.58101
1.55063
1.7941
1.55384
1.34103
1.20445
1.40845
1.6228
1.06145
1.07907
1.52349
0.844584
1.44061
1.231
1.28611
0.839897
1.46276
1.66063
1.61562
1.13129
1.5519
1.20765
1.73171
1.34987
1.10059
1.80731
1.20702
1.28075
1.02419
1.32426
1.28587
1.25673
1.62799
1.19835
1.254
1.32225
1.0354
1.31652
1.45517
1.51548
1.46269
1.67101
1.70899
1.26343
1.35499
1.45067
1.11725
0.654803
1.2587
1.43976
1.61369
1.52032
1.38748
1.06856
1.62406
1.74343
1.21028
1.39283
1.58033
1.47728
1.71895
1.61681
1.38871
1.39208
1.62327
1.6181
1.38996
1.51136
1.66969
1.00447
0.661608
1.1398
1.19785
1.38845
1.41479
1.69117
1.33094
1.40032
1.12785
1.56439
1.47643
1.4427
1.52831
0.928418
1.59627
1.41987
1.15906
0.803651
0.974794
0.841909
1.34369
1.07447
1.09405
1.06761
1.14579
1.43425
1.56277
1.09885
0.920785
1.15034
1.01188
1.29983
1.55469
1.30503
1.06096
1.32838
1.65643
1.56891
0.985538
1.03606
1.43213
1.6744
0.732368
0.984639
1.3147
1.07059
1.00345
0.841065
1.41192
1.23996
1.00045
1.06813
0.813547
1.20667
1.27973
0.979557
1.09302
0.916329
1.3054
0.816842
1.12968
0.848003
0.959786
1.20373
1.02736
1.07315
1.29989
0.742407
1.14924
1.15126
1.09248
1.2657
0.819696
1.22753
1.24479
1.23983
1.36343
0.960185
0.964201
1.23243
1.10472
0.526719
0.735974
1.25616
1.4001
1.3274
1.13612
1.22032
1.58185
1.3662
1.19829
1.34853
1.24927
0.894026
0.922805
1.02819
1.40237
1.37805
1.53915
1.23688
1.42391
1.36146
1.51627
1.44181
1.84424
1.54766
1.30449
1.67101
1.14879
1.29425
1.44267
1.57281
1.20713
1.46622
1.48556
1.44281
1.39317
1.20412
1.79514
1.42097
1.27794
1.37822
0.959456
1.43662
1.56266
1.02576
1.15012
1.39371
1.0883
0.739456
1.02747
1.65061
1.50722
1.37442
1.31692
1.0179
1.35353
1.35255
1.42977
1.16937
1.68641
1.1337
0.888495
0.958301
1.44904
0.983665
0.990918
1.03879
0.973281
1.47937
0.779612
0.936869
1.46274
1.63683
1.44649
1.41176
0.921104
1.54756
0.967674
1.06944
1.36238
1.2519
1.63198
1.40137
1.46046
1.29253
1.20835
1.4775
1.39049
1.53857
1.73449
1.28956
1.10856
0.912207
1.05096
1.12497
1.22966
1.0968
0.890259
0.904139
1.27046
1.34521
1.0681
0.737183
1.27578
1.10614
1.13574
1.13897
1.18821
0.960549
0.772038
1.12256
0.937747
0.804305
0.898418
0.99776
1.39705
0.932941
1.00679
1.11034
0.91297
0.902375
0.873421
1.02957
1.05278
0.851589
0.953284
0.670764
1.06228
0.747778
1.02907
0.839527
0.962007
1.19767
1.10403
1.17745
1.07319
1.0026
1.33994
0.972316
0.720691
0.741589
0.795913
0.734557
1.25512
1.06659
1.01719
0.816912
1.15693
1.09843
1.05075
1.03203
1.16543
0.660623
0.88893
0.7101
0.59303
1.03001
0.855848
1.34845
0.720736
0.989057
0.90283
1.14936
1.36102
0.786188
1.11255
1.12914
0.74344
1.06732
1.43583
1.2062
1.29091
1.34034
1.17372
1.08397
1.40591
1.79853
1.44157
0.791559
1.25177
1.11198
1.44036
1.44996
0.696275
1.49405
1.15982
1.59215
1.44232
0.864732
0.947379
1.37087
1.55941
1.05795
1.04321
1.22409
1.12448
1.30525
1.3105
1.5276
1.49543
1.20626
1.43674
0.705505
0.990068
1.24139
1.21478
0.937053
1.2791
1.40278
1.24917
1.47223
0.881008
0.848735
1.68555
1.35081
0.756973
1.16424
1.30616
1.44476
1.40176
1.56053
1.27884
1.15376
1.67835
1.43879
1.23233
1.53937
1.59008
0.965255
0.908332
0.983592
1.00691
1.12967
1.36209
1.55788
1.32997
1.48437
0.806051
1.43849
1.56868
1.12592
1.03502
1.14374
1.20125
1.13554
1.32325
1.12607
0.906852
0.805598
1.34287
1.53658
1.42029
1.05651
1.28378
1.53575
1.19477
1.59996
1.64067
1.81411
0.941129
1.44061
1.53199
1.70153
0.98711
1.02508
1.58316
1.66504
0.667377
1.55208
1.36704
1.46467
0.633173
1.06112
1.37928
1.27347
1.2097
1.1401
1.26065
1.11208
1.42605
1.36378
1.31186
1.08189
1.47431
0.960838
1.40744
1.08433
1.47373
0.892884
1.51187
1.34423
1.48448
1.11267
1.35434
1.68856
0.766957
1.38838
1.10689
0.94521
1.67569
1.24878
1.43557
0.882435
1.11906
1.58096
1.40363
0.692194
1.23284
1.16377
1.13752
1.36527
1.01366
1.34729
1.53561
1.23803
1.70634
1.64981
1.53396
1.10324
0.934128
1.44349
0.953715
1.23833
1.31783
1.65833
1.42054
1.63819
1.50247
1.53971
0.87579
1.56699
1.45299
1.33589
1.5076
1.24123
1.39799
1.09437
1.33633
1.23957
1.27569
1.09377
0.922126
1.41292
1.57079
1.19866
1.23404
1.26938
1.16851
1.56378
1.79666
1.66433
1.20372
1.23234
1.35115
1.00698
1.16025
1.06936
1.23445
1.29723
1.09945
1.1238
1.22322
1.41971
1.73001
1.04799
1.57723
1.41069
1.58975
1.53022
1.34663
1.55086
1.42705
1.383
1.36871
1.20651
1.29395
1.44957
0.955503
1.02941
1.25729
1.21376
1.28913
1.49307
1.39622
1.31738
1.2223
1.26291
1.27472
0.829234
1.58984
1.29109
1.18592
1.56624
1.17451
1.5002
1.00063
1.51074
1.1506
1.46573
1.19118
1.30408
1.11822
0.931214
1.16703
1.32511
1.38954
1.3661
1.38758
1.31912
1.60054
1.30189
1.25818
1.76578
1.57526
1.0598
1.22863
1.32565
1.13503
1.1722
1.22716
1.60625
1.00535
1.33676
1.29044
1.06495
1.42295
1.59791
1.44452
1.14441
1.29864
1.52059
1.21652
1.52476
1.13629
1.30043
1.22427
1.51968
1.28325
1.58364
1.2646
1.26865
1.40528
1.17584
0.98107
1.02482
1.00325
1.5982
1.23161
1.80473
1.4331
1.2847
1.56206
1.14242
0.883743
1.42773
1.05881
0.957042
1.51604
1.2303
1.00338
1.33718
1.28319
1.68966
1.65699
1.1876
1.32794
1.06769
1.04057
1.04579
1.46445
1.59193
1.53978
1.36451
1.80381
1.21221
1.88112
1.47337
1.5866
1.33064
1.64305
1.67255
1.48695
1.28839
1.23298
1.31928
1.41379
0.899274
1.64536
1.32783
1.408
1.18686
1.15895
1.17212
1.48659
1.42512
1.44564
1.30887
1.00438
1.48044
1.32982
1.24941
0.962459
1.22434
1.09141
1.32007
1.13411
1.44293
0.899995
1.50753
1.28328
1.67528
1.26093
1.49834
1.58172
1.00492
1.60594
1.26195
1.18257
1.68901
1.29851
1.09506
0.843804
1.01666
1.2673
1.32499
1.05322
1.36773
1.44862
1.47212
1.48082
1.47232
1.49008
1.51348
1.05783
1.69765
1.37289
1.5226
1.47357
1.16076
1.19271
1.09313
1.42502
0.858642
1.17876
1.3169
1.26974
1.38057
1.2116
1.45626
1.13911
1.1977
1.16807
1.40366
0.883729
0.906336
1.35774
1.41178
0.891623
1.571
1.19254
1.27124
0.750855
1.28808
1.30783
0.901811
1.06609
1.13953
1.0691
0.704462
1.18761
1.53849
1.13117
1.29126
1.59342
1.16455
1.58435
1.03155
1.33329
1.23605
1.52816
1.12931
1.30846
1.31534
1.24716
1.58996
1.08861
1.05558
1.22498
1.05735
1.65685
0.943971
1.49733
1.19203
1.17501
1.40407
0.964491
0.724066
1.42838
0.608125
0.823952
1.14906
1.20103
1.01258
1.11436
1.28069
1.57976
1.33469
1.20421
1.19306
1.11511
1.2576
1.74494
1.53893
0.748882
1.71851
1.44873
1.88124
1.26389
1.21777
1.63203
1.44941
1.48465
1.29739
1.24368
1.33665
1.10632
1.88467
1.26614
1.30004
1.13146
1.09995
1.31561
1.28982
1.55548
1.37159
1.20867
1.50441
1.24144
1.21597
1.42477
1.35244
0.660931
1.26051
1.35245
1.43922
1.64926
1.45071
1.12304
1.43173
1.42888
1.31683
1.31262
1.34819
1.22967
1.68688
1.46792
1.28294
1.17687
1.57729
1.73697
1.43158
1.29187
1.32747
1.01958
0.807539
1.10154
1.02002
1.42475
1.3406
1.7987
1.38746
1.56946
1.24851
1.74834
1.69681
1.26145
1.4579
1.19574
1.38278
1.4952
1.57008
1.36197
1.30997
1.51136
1.59251
1.58679
0.854981
1.20597
1.69676
1.6174
1.57765
1.40251
1.56763
1.5527
1.55088
1.51476
1.63212
1.50407
1.27527
1.09283
1.53989
1.63527
1.4166
0.775313
1.13707
1.6547
1.14893
1.27281
1.44832
1.84682
1.33474
1.41898
1.60535
1.67432
1.71943
1.60698
1.40166
1.41009
1.35063
1.51614
1.55512
1.51794
1.23106
1.61015
1.41734
1.13531
1.18463
1.26385
1.74845
1.07286
1.56155
1.32309
1.54161
1.37686
1.15868
1.31253
1.87718
1.13662
1.28727
1.4126
1.88825
1.30073
1.28772
1.57335
1.70917
1.60197
1.41166
1.47611
1.46956
1.58063
1.71763
1.64779
1.42019
1.40883
1.23019
1.81145
1.23341
1.27387
1.43116
1.26621
1.64236
1.82698
1.22833
1.43339
1.55785
1.4624
2.08443
1.18582
1.23148
1.36182
1.31829
1.29283
1.71787
1.92704
1.38333
1.56553
1.13629
1.6593
1.66047
1.53211
1.28019
1.44627
1.25133
1.88635
1.4462
1.59792
1.72248
1.61932
1.49585
1.27406
1.29157
1.91346
1.29837
1.18419
1.42514
1.28983
1.30349
0.892847
1.20083
1.34653
1.54511
1.56737
1.67567
1.43034
1.87977
1.46249
1.11117
1.17538
1.25306
1.47275
1.37036
1.14805
1.63509
1.64087
1.5557
1.24028
1.56726
1.35307
0.959977
1.60768
1.24394
1.67238
1.62779
1.39091
1.21335
1.58051
1.57682
1.11095
1.05516
1.73879
1.73888
1.1856
1.5018
1.51558
1.31275
0.821128
1.59522
1.48991
0.807146
1.17985
1.32009
1.15731
1.2748
1.20143
1.48419
1.48276
1.32425
2.01593
1.58087
1.54212
1.29045
1.33358
1.62193
1.48093
1.47055
1.26757
1.44003
1.36412
1.67322
1.41113
1.39843
1.3427
1.31169
1.51559
1.12291
1.81711
1.34147
1.52518
1.56132
1.30073
0.930178
1.26266
0.90117
1.12816
1.08875
1.2592
1.41466
1.45052
1.67172
1.66613
1.82354
1.33043
1.1163
1.1738
1.50409
1.34252
1.58888
1.37358
1.12777
1.36993
1.15357
1.46698
1.42294
0.832239
1.04621
1.32936
1.88512
1.1978
0.982848
0.986734
1.12879
1.17061
1.18135
1.55213
1.35887
0.81729
1.25579
0.897508
1.20572
1.23172
1.30963
0.729093
1.24909
1.35161
1.34502
1.61579
1.28475
1.04746
1.51028
1.1667
1.04484
0.865923
1.14451
1.07014
1.62737
1.37226
1.11307
0.850609
1.53943
1.58285
1.36938
1.40434
1.43953
0.881702
0.942324
1.06593
0.852674
1.25597
1.2366
1.70387
1.20384
1.39432
0.872546
1.62699
1.80225
0.970875
1.41671
1.31672
0.921509
1.23363
1.36235
0.923535
1.71164
1.21
1.6968
1.25401
1.73352
1.55438
1.43805
1.37085
1.77266
1.67942
1.29273
1.13733
1.83098
1.01315
1.30457
1.62704
1.7105
1.0927
1.60449
1.66212
1.02797
1.55549
1.37255
1.24897
1.48569
1.42311
1.9603
1.58315
1.33294
1.23404
0.923096
1.93789
1.56618
1.42183
1.51782
1.4827
1.55737
1.34008
1.77866
1.41281
1.46804
1.63555
1.17415
1.18386
1.98429
1.66782
1.61894
1.44048
1.28764
1.1625
1.11974
1.32277
1.28008
1.38123
1.38184
1.4068
1.54822
1.59117
1.57606
1.69133
0.963211
1.37887
1.31175
1.23133
1.41732
1.31015
1.22117
1.28561
1.35257
1.38515
1.2863
1.2381
1.49775
1.2798
0.781185
1.07812
1.44848
1.12587
1.27505
0.816249
1.36662
1.4993
1.57798
1.3252
0.985675
1.42876
1.49833
0.970666
1.0636
1.05175
0.998426
0.876989
1.08829
0.908708
1.19347
1.1997
1.47225
0.895215
1.57968
1.0125
1.34065
1.1653
1.11041
1.25684
1.03635
1.13745
1.27689
1.32336
1.43088
1.41416
0.827882
1.2983
1.12918
0.95097
1.14413
1.41305
1.28655
1.4884
1.03729
1.02831
1.3059
0.859581
1.4341
1.27753
1.21869
1.35243
0.98762
1.44571
1.46487
1.27657
1.01795
1.36099
1.29958
1.48302
1.46529
1.6347
1.3797
1.41105
1.19724
1.81413
1.12695
1.41942
1.31532
1.41876
1.15051
1.4935
1.34791
0.951317
1.69465
1.15039
1.38225
1.55888
1.47026
1.68464
1.44214
1.26768
1.36788
1.32237
1.85206
1.3472
1.14631
1.35676
1.15526
1.14833
1.1155
1.52594
1.20429
1.30827
1.35523
0.897438
1.24032
1.71898
1.7125
1.44016
1.60922
1.0938
1.18338
1.37702
1.12885
1.20629
1.17343
1.18055
1.27098
1.10964
1.44555
1.29656
1.46111
1.3042
1.20691
1.39094
1.30373
1.46907
1.38639
1.11737
1.00875
1.61462
1.72044
1.02909
1.35128
1.64504
1.46426
1.5214
1.00952
1.5768
1.33893
1.31828
1.06135
1.33803
1.63299
1.19001
1.36043
1.25559
1.80143
1.22208
1.56503
1.20206
1.47948
1.63623
1.72799
1.41565
1.52122
1.44956
1.32266
1.45838
1.31994
0.962415
1.5517
1.39315
0.804081
1.25911
1.28793
1.55414
1.08214
1.20665
1.47681
1.3567
1.30916
1.00805
1.33038
1.96812
1.09787
1.30821
1.29406
1.66486
1.14963
1.10287
1.38099
1.38075
1.22291
1.33317
1.45099
1.68851
1.86795
1.37094
1.74578
1.31121
1.42915
1.42272
1.43482
1.52527
1.4842
1.00218
1.47418
0.883021
1.66495
1.59246
1.58396
1.412
1.47654
1.81427
0.845773
1.33249
1.37055
1.35315
1.12612
1.38291
1.5083
1.61155
1.46588
1.3038
0.779389
1.87853
1.3951
1.13365
1.42009
1.51453
1.51746
1.36246
1.81861
1.35865
1.31407
1.8078
1.37806
1.23009
1.63522
1.71656
1.32299
0.821428
1.08563
1.35971
1.42683
1.54871
1.67627
1.44884
1.81272
1.11885
1.48639
1.62714
1.292
1.23763
1.06172
1.49728
1.42327
1.22994
1.39404
1.56199
1.08533
1.28188
1.39379
1.48383
1.10666
1.5045
1.59453
1.51484
1.04694
0.796407
1.20585
1.44706
1.11196
1.02558
1.11995
1.31144
1.10905
1.53893
1.5218
1.33508
1.2091
0.852599
1.35854
1.32014
1.60992
1.26074
1.27776
1.09091
1.25606
0.739254
1.04321
1.54399
0.790816
1.22885
1.05463
1.03291
1.38077
1.26084
1.1473
1.1772
1.0754
1.69862
1.33016
0.94206
1.47483
1.17413
1.22649
1.18609
1.00492
1.24582
1.26028
1.29882
1.31372
1.30193
1.76252
0.813467
1.20783
1.04186
0.949998
0.95307
1.09026
1.26969
1.45608
1.24955
1.12587
1.54547
1.12317
0.987632
1.32809
1.27421
1.28849
1.36449
1.4048
0.92822
1.35698
0.724536
1.2306
1.17253
1.37755
1.53221
1.52302
1.36589
1.40141
1.16836
1.83105
1.48242
0.920017
0.646788
1.2689
1.12699
1.67024
1.46026
1.14114
1.25131
1.48393
1.13435
1.1047
1.44516
1.71677
1.05395
1.12768
1.12116
1.07851
1.33451
1.05617
1.35837
0.60553
0.91553
0.87112
1.13263
1.5463
1.0351
1.40287
1.22625
0.935769
1.27566
1.1137
1.42268
1.50438
1.33712
1.65224
1.42931
1.63271
1.54024
1.38654
1.3107
1.32155
1.5895
1.33384
1.59887
1.3465
1.45674
1.58726
1.4114
1.68582
1.09493
1.72999
1.58239
1.55067
1.8579
1.65969
1.65912
1.70397
1.86177
1.25211
1.37689
1.48999
1.11206
1.78478
1.46863
0.937875
1.49183
1.35195
1.73028
1.49045
1.64882
1.88614
1.2361
1.56063
1.03433
1.18832
1.83735
0.859378
1.36602
1.27744
1.09703
1.03408
1.23326
1.56122
1.45699
1.55198
1.29209
1.52877
1.71034
1.5538
1.53846
1.03817
1.22881
1.53527
1.2776
1.59793
0.912495
1.45531
1.39376
1.01837
1.22159
1.58592
1.64725
1.14919
1.5589
0.961037
1.28584
1.20189
1.27696
1.35739
1.70458
1.24834
1.67221
1.2799
1.73043
1.42839
1.17681
1.18335
1.34375
1.05238
1.50936
1.51104
1.30244
1.34169
1.41877
1.10817
1.18775
1.13946
1.60184
1.15652
0.924351
1.05358
1.35337
1.59938
1.25024
1.5711
0.844195
1.37875
1.29787
1.10599
1.37527
1.18487
1.4086
1.2156
1.40187
1.56065
0.535198
1.48939
1.64938
0.882861
1.35556
1.15022
1.44794
0.755351
1.27756
1.41814
1.44151
0.991749
1.15452
0.931084
0.866429
1.08783
1.37076
1.12207
1.2863
1.55248
1.2373
1.58838
0.980074
1.28085
1.51411
1.44888
0.876904
0.871036
1.27578
1.3668
1.76694
1.23511
1.29839
1.12089
1.44415
1.61155
1.21364
1.51836
1.47043
0.922878
1.28039
1.20465
0.820421
1.19996
1.10808
1.36436
1.06446
1.1286
0.812675
1.37312
1.61495
1.30294
1.36373
1.46714
0.863706
0.94657
1.73186
1.50528
0.806477
1.43537
0.948778
1.4957
0.908189
1.38779
1.30022
1.41144
1.12463
1.05969
0.954749
1.01842
1.26093
1.24733
1.18054
1.0762
1.69081
1.3938
1.52273
0.747015
1.39457
1.41448
1.4212
0.856955
1.10696
1.38823
1.47156
1.62401
1.21212
1.53726
1.13799
1.32714
1.61854
1.33346
1.64959
1.48379
0.916584
1.30935
1.14738
0.880399
1.05532
1.13508
1.39708
1.13695
1.22045
0.997849
1.28133
1.54325
1.51436
1.52118
1.49006
1.12574
0.720944
1.62308
1.50103
1.44443
1.86266
1.08184
1.42171
1.22542
1.44443
1.47851
1.5357
1.76427
1.30709
1.28179
1.03931
1.55535
1.23493
1.60824
1.17562
1.31068
1.48159
1.72652
1.17844
1.79392
1.60373
1.33127
1.34497
1.24145
1.19465
1.69012
1.60115
1.12723
1.50834
1.69571
1.38285
1.1697
0.939065
1.4567
1.28372
1.09527
1.22897
1.29296
1.71892
1.38689
1.61589
1.23404
1.46526
1.36711
1.53844
1.47378
1.05773
0.99899
1.25313
1.3607
1.81337
1.49705
1.72454
1.74174
1.46498
1.63958
1.57419
0.781796
1.50709
1.75639
1.7563
1.18127
1.39588
1.28316
1.62612
1.78413
1.28925
1.43318
1.58513
1.19751
1.40643
1.67902
1.55111
1.5666
1.16618
1.71388
1.51168
1.61258
1.47126
1.33799
1.69746
1.50041
1.25256
1.33288
1.10889
1.34483
1.53331
1.40108
1.54965
1.39069
1.59786
1.78461
1.53163
1.23279
1.31153
1.69273
1.4758
0.646564
0.873547
1.81486
1.31053
1.73868
1.6268
1.28558
1.32018
1.31117
1.30165
0.791287
0.956133
1.38537
1.40529
1.38278
1.10781
1.06091
1.09043
1.4012
0.952977
1.05513
0.978912
1.3837
0.842039
1.2304
0.605961
1.19859
1.13978
1.51992
0.980511
1.45146
1.10633
1.42785
1.39173
1.04557
1.38983
1.13927
1.16059
1.46257
1.28124
1.49209
1.19886
0.847081
1.31898
1.15325
0.606812
0.835521
1.21562
1.22681
1.3674
0.871888
1.13685
1.44298
1.09268
1.51133
1.38289
1.21336
1.21634
0.819067
1.56568
0.714088
1.40207
1.14811
1.52405
1.37703
1.38138
1.59133
0.802453
1.66222
1.26085
0.907422
1.06487
1.12393
1.23846
1.40063
1.08657
1.40463
0.725596
1.67907
1.12692
1.17513
1.15839
1.00436
1.13433
1.32007
1.51544
1.22655
0.890492
1.55777
0.975878
1.31491
1.4515
1.51694
1.09478
0.930997
1.25937
1.10355
1.08654
1.55114
1.69024
1.25832
1.30185
1.14634
1.63728
1.57149
0.976412
1.53673
1.16194
1.03021
1.23525
1.57665
1.46336
1.46295
1.44782
1.45781
1.01342
1.0793
1.21574
1.38524
1.6552
1.58905
1.05537
1.19817
1.62545
1.64635
1.86312
1.23946
1.69147
1.22498
1.32334
1.14753
1.38165
1.50063
1.33716
1.67215
1.23465
1.54508
0.999826
1.29245
1.97153
1.68308
1.67658
1.56579
0.985015
1.38595
1.10908
1.13217
1.53889
1.26284
1.76519
1.48187
1.6931
1.14856
1.46995
1.79882
1.62651
1.73421
1.7119
1.44957
1.15298
1.30375
1.19522
1.33835
0.926484
1.38221
1.61987
0.848229
1.42761
1.10318
1.06477
0.989532
1.12759
1.25068
1.36636
1.0504
1.42359
0.602946
1.56987
1.22011
1.23924
1.27121
1.07785
1.00767
1.22168
1.46296
0.986906
1.0569
1.37564
0.956547
0.955903
1.2869
1.29988
1.2038
0.805561
1.00949
1.03701
1.27118
1.24791
1.37113
1.11949
1.32683
1.18154
1.3907
1.29972
1.11074
1.3586
0.758516
1.19009
1.35456
1.24997
1.37321
1.15851
1.2582
1.3105
1.15308
1.03739
1.10174
1.28774
1.21247
1.20837
1.59282
1.22381
1.40152
1.20207
1.25734
1.35445
1.60707
1.26191
1.11684
1.25
1.32003
1.82639
1.09334
1.23965
1.2146
1.19498
1.52071
1.0243
1.48174
1.2127
1.13627
1.37305
1.35516
0.740723
1.21636
1.00744
1.05507
0.998112
0.785775
1.13225
1.42131
1.36561
1.53345
1.62358
1.30294
0.935149
1.003
1.33507
1.47439
1.25949
1.01935
1.0728
1.48571
1.35399
1.13861
1.09748
1.12815
0.818569
0.625816
1.18166
1.20622
1.33137
1.11589
1.17746
1.00646
1.41315
0.453932
0.905728
1.16577
0.913315
1.13445
0.868616
1.08018
1.25819
1.43334
1.07175
1.15989
0.765425
1.39085
1.09468
0.780869
1.2113
1.30938
1.48932
1.39628
0.980533
1.21053
1.47496
1.18259
1.08407
1.21662
1.43527
1.07069
1.25633
1.31972
1.35421
1.46324
1.04542
1.35397
0.967708
1.3975
1.59841
0.883061
1.2727
1.5305
1.00529
1.43461
1.59072
1.2703
1.11625
1.11723
1.31187
1.1772
1.21823
1.47701
0.975174
1.63353
1.1242
1.00702
1.18243
1.0976
0.893037
1.13513
1.10871
1.30885
1.31436
1.35121
1.5477
1.37996
1.40689
0.892217
1.49615
1.46112
0.857636
1.09846
1.51847
1.43327
1.76376
1.21795
1.09498
1.16118
1.42047
1.09305
1.35394
1.19156
1.57124
1.32903
1.29627
1.72229
1.56312
1.46691
1.50459
1.27056
1.44587
1.32318
1.47489
1.36788
1.31866
1.01228
1.46811
1.31274
1.03666
1.1799
1.0616
1.41388
0.93725
1.57036
1.22089
1.49727
1.41018
1.0676
1.02723
1.56666
0.768673
1.01071
1.09073
1.4278
1.33564
1.21315
1.45748
1.57435
1.6764
1.15871
1.23859
1.35818
1.01186
0.93123
1.19285
1.16973
1.67511
1.29712
1.30098
1.51919
1.36881
1.68168
1.36338
1.46719
1.37026
0.870501
1.17384
1.0076
1.06569
0.931993
1.56027
1.1385
1.20242
0.816146
1.2726
1.63012
1.31605
1.37666
1.22371
1.17359
1.44203
1.11012
0.947213
1.5065
1.04809
1.52973
1.17303
1.57453
1.1559
1.41235
1.80987
1.22406
1.46418
1.69442
0.813445
1.23568
1.21994
1.5407
1.51441
1.48941
1.29631
1.32262
1.6413
1.2278
1.70069
1.10791
1.74595
1.31021
1.22922
1.04729
1.39428
1.06542
1.06025
1.29754
1.08684
1.41309
1.07476
1.11437
1.66893
1.71624
1.6424
1.4943
1.02411
1.72865
0.964298
0.816282
1.29688
0.991925
1.58302
1.4283
1.22431
1.29742
1.4183
1.68302
1.38941
1.56427
1.68881
1.23484
1.26882
1.08288
0.845817
1.09573
1.10618
0.939662
1.19571
1.15095
1.03534
0.947607
0.870461
1.4243
0.845893
0.667118
0.934614
0.88195
1.01293
1.10187
1.17255
1.09945
0.738197
1.22473
0.948172
0.886826
1.22185
1.24481
0.894696
0.963821
0.874414
0.868366
1.07085
1.12402
1.24188
0.918124
1.27458
0.83466
1.02445
1.28054
0.9819
1.06277
1.21199
0.779463
0.855176
1.15854
1.67388
1.33346
1.41758
1.5404
1.23392
1.63068
1.10773
1.30342
1.48168
1.61519
1.13639
1.35383
1.47924
1.56971
1.78938
1.34019
1.33537
1.40398
1.48293
1.74127
0.902235
1.40057
1.28118
1.26207
1.3151
1.24774
1.09896
1.56692
1.17876
1.14564
1.27539
1.55883
1.09774
1.26934
1.38382
1.60456
1.09903
1.43753
1.27241
1.21382
1.40994
1.4452
1.30566
1.43624
1.47168
1.19893
1.49734
1.17432
1.76583
1.20737
1.05391
0.712943
1.13511
1.07261
1.6119
1.37715
1.24765
1.23163
1.45433
0.981766
0.809673
1.05645
1.37963
1.21126
1.12713
1.20684
1.18577
1.45446
1.14826
1.33592
0.427976
1.27977
1.18176
1.06784
1.48051
1.01308
1.20295
1.4379
0.781533
1.32672
1.14926
0.824405
1.41348
1.3731
0.852588
1.13345
1.00577
1.5598
1.37909
1.16105
1.43263
1.14076
1.43224
1.26341
1.45723
1.66794
1.18937
1.50296
1.02643
1.51228
1.48203
1.45047
0.95468
1.00347
1.3138
1.06009
0.570358
1.62982
1.7642
1.33237
1.08638
1.45482
1.68923
1.35512
1.30206
1.63511
1.19415
1.33403
1.10113
1.26126
1.29176
1.30727
1.59505
1.24521
1.04831
1.43304
1.49237
1.05647
1.24205
1.2604
1.12487
1.51601
1.40857
1.02287
1.06726
1.44451
1.61295
1.44101
1.48631
1.55248
0.801198
0.883717
0.870278
0.825486
1.27364
1.15916
1.6196
1.35408
1.22463
0.869278
1.5735
1.55998
1.16428
1.41788
0.925196
1.33848
1.35133
1.2454
1.3389
0.799243
1.08318
1.25588
0.980635
0.996613
1.1395
1.38927
1.01927
1.26197
1.2694
0.928813
1.63849
0.803675
0.9972
1.1888
1.27518
1.17602
0.922461
0.882544
1.08133
1.2811
1.01973
0.951629
1.47362
1.53313
1.18108
1.32427
1.42347
1.37743
1.13658
1.49316
1.62473
1.49911
1.16907
0.687325
1.05496
1.22312
1.56807
1.42546
1.2332
1.33778
1.18849
1.55928
0.912095
1.20595
1.52026
1.10747
1.32128
1.01935
1.32671
1.40611
1.39857
0.793383
1.28687
0.94477
1.28157
1.42457
1.32816
1.66709
1.70893
1.67878
1.51639
1.48926
1.29657
1.50114
1.14437
1.29276
1.21599
1.67914
1.31638
1.42428
1.32929
1.03536
1.33278
1.20967
1.4537
1.11915
1.64468
0.809913
1.3195
1.29175
1.07204
1.21092
1.17169
1.25698
1.46441
1.33897
1.30016
1.14927
1.07322
1.579
1.24743
0.84871
1.29726
1.38398
1.29733
1.61121
1.16096
1.26936
1.54536
1.10703
1.39006
1.06595
1.4539
1.22399
1.276
1.35735
1.15869
1.46833
1.21408
1.2959
1.5457
0.997109
1.40439
1.22598
1.28033
1.68652
1.18795
1.31068
0.653907
1.17921
1.14317
1.13304
1.23015
1.23295
1.4977
1.3005
1.09682
1.70613
1.52368
1.23645
1.31445
1.62546
1.4381
0.984835
1.44879
1.52173
1.49039
1.24946
1.11007
1.28381
1.36015
1.43614
0.84297
1.55939
1.26826
1.58257
1.1808
1.28311
1.55692
1.22342
1.34496
1.50428
1.39049
1.69113
1.41708
1.00776
1.41386
1.06372
0.867612
0.886011
1.31429
1.34981
1.51215
1.305
1.16916
1.36645
1.26884
1.56618
1.27556
1.34847
1.37362
0.830052
1.78449
1.40778
1.24326
1.28209
1.23792
1.37753
1.3982
1.67583
1.20837
1.25022
1.70509
1.0925
1.04486
1.48522
1.43802
1.2648
0.775482
1.20301
1.06173
1.07459
1.45999
1.51433
1.27618
1.37663
1.19657
1.64716
1.48386
1.13292
1.31862
0.756504
1.20039
1.33942
1.42395
1.48766
1.82834
1.1966
1.37758
1.62829
0.551523
1.58997
0.991891
0.679702
1.85184
1.52443
1.34464
0.873541
1.15352
1.68189
1.5028
1.13936
1.61087
1.48874
1.44679
1.66546
1.51763
1.55252
1.53973
1.15066
1.92422
1.79858
1.84173
1.48009
1.07927
1.19172
1.24025
0.829363
0.928681
1.12099
1.21723
1.51868
0.724725
1.29207
1.15536
1.43608
1.18868
1.17333
1.17685
1.34137
1.20392
1.20059
1.33253
1.46906
1.77689
1.23307
1.67652
1.48581
1.44699
1.66958
1.11602
1.4973
1.75988
0.977551
1.23863
1.05751
1.04215
1.16944
1.1959
1.21622
1.25428
1.01322
1.32304
1.22934
1.25887
1.28626
1.54393
0.624168
1.12361
0.785822
0.95047
1.16998
1.16068
1.42158
1.08757
1.19849
0.75187
0.976607
1.30234
1.01433
0.899957
1.36113
1.09008
1.02238
1.25362
1.05003
1.82379
1.45819
1.25837
1.10363
1.59066
1.34424
1.24189
1.35908
1.64236
1.08835
1.12241
1.25491
1.15125
1.44313
1.19429
1.64618
0.616032
1.27792
0.991652
1.36812
1.85887
0.918994
1.51416
1.54432
0.689535
1.32394
0.755354
1.07881
0.912894
1.15861
0.710462
1.06401
1.00107
1.28127
0.964832
1.00212
0.908642
1.34568
1.12571
0.829186
1.16348
1.29935
1.46304
1.21353
1.09945
1.27716
1.40824
1.2594
0.961465
1.24252
1.49092
0.805898
1.18346
1.31584
1.09964
0.889901
0.80199
1.06717
1.23774
1.30934
1.11884
1.2904
1.05505
1.31664
0.925848
0.942606
1.51705
0.957686
1.49103
1.0137
1.23159
1.18085
1.28344
1.55353
0.92857
1.43564
1.42272
0.927464
1.45042
1.55505
1.58373
1.29282
1.43568
1.12644
1.63212
1.62375
1.52638
1.35737
1.55658
0.990589
1.24917
1.22833
1.51889
1.70084
1.68186
1.63775
1.62302
1.4838
1.4126
1.38221
1.33082
1.4264
1.60134
1.4888
1.38554
0.801755
0.492116
1.55988
1.28502
1.11252
0.867768
0.964696
1.59375
1.3639
0.976776
1.49588
1.25019
1.23009
1.28456
1.20776
1.31686
1.22538
1.07462
1.6376
1.59302
1.78703
1.08056
0.90957
1.16223
1.33752
1.53027
1.10986
1.48564
1.54931
1.29148
1.4051
1.00014
0.979494
1.72469
0.8882
1.15056
1.29138
1.25606
0.842108
1.3355
1.51829
1.20376
1.29368
1.1077
1.15678
1.57608
0.932992
1.2883
1.25614
1.15687
1.06056
0.79355
1.18702
1.11197
0.849805
1.23227
1.2493
1.4631
1.15246
1.28381
1.0413
1.32465
1.38614
1.17086
1.49156
1.52038
0.794218
0.869232
1.5349
1.27276
1.33439
1.00453
1.16536
1.66672
1.26807
1.03106
1.56865
1.09888
1.07189
1.31143
1.24636
1.38489
1.09327
1.02136
1.75583
1.70493
1.66994
1.27805
1.02992
1.21508
1.28894
1.48181
1.34939
1.26147
1.34742
1.34541
1.19707
1.58721
1.59324
1.09354
1.32302
1.55138
1.38488
1.34724
1.11031
1.4073
1.39578
1.16642
1.40157
1.23415
1.15706
1.38312
1.2128
1.29618
1.17119
1.56822
1.15307
0.807689
0.933141
1.39179
1.15276
1.02762
1.1081
1.49592
1.25812
1.25014
1.06426
1.18677
1.04361
1.08693
1.214
1.43874
1.36798
1.6798
1.5969
1.69075
1.16598
1.55058
1.5241
1.40566
1.26917
1.24128
1.2397
1.76699
1.1832
1.48924
1.32597
1.47925
1.50784
1.09047
1.42998
1.47224
1.3845
1.40943
1.53088
1.6797
1.58574
1.18606
1.68797
1.60984
1.68291
1.19697
1.16875
0.988679
0.967201
0.821883
1.08995
1.26427
1.57243
1.1335
1.05433
0.905436
1.28279
1.271
1.0655
1.23023
1.39153
1.06144
0.961132
1.15598
1.21671
1.25056
1.50986
1.76658
1.10342
1.51109
1.18292
1.53681
1.53096
1.09629
1.36232
1.07517
1.30027
1.33991
0.837087
1.3015
0.779002
1.38188
1.19849
1.32817
0.9616
1.09012
1.43579
1.06329
1.05308
1.01516
1.30937
1.36264
0.921703
0.824594
1.18283
1.14652
0.843392
0.967889
1.3647
1.3051
1.17042
1.31737
1.06063
0.906315
0.977172
1.55782
1.74466
1.42375
1.1579
1.49527
1.77216
1.5536
1.35679
1.63755
1.2937
1.26286
1.03719
1.01107
1.053
1.17447
1.03125
1.05347
1.52633
1.41502
1.43821
1.21575
1.19889
1.38715
1.35006
1.30257
1.25327
1.0242
1.0552
1.89305
1.5235
1.41122
1.38499
1.26519
1.17537
1.15615
1.03177
1.50543
1.14761
1.47544
1.43779
0.824077
1.2182
1.21088
1.48946
1.33138
1.38213
1.64154
1.2975
1.11514
1.24152
1.12754
1.48361
1.19873
1.20044
1.23662
1.08327
1.16272
1.16113
1.59756
1.27103
1.61279
1.37375
1.25667
1.83082
1.37552
1.48429
1.57983
1.19248
1.15913
1.39979
1.01034
1.6408
1.45543
1.43963
1.62154
1.57223
1.58324
1.05904
