29.405
29.1653
29.0675
28.9986
28.8084
29.0598
29.0776
28.7184
28.784
29.0354
28.8834
28.731
28.9737
28.9834
29.3009
28.9789
28.9113
28.7379
29.3922
28.5124
29.1412
28.9503
29.2441
29.0333
29.1579
28.98
28.9408
28.9892
29.0899
29.3617
28.986
28.9171
28.8941
29.2191
29.1388
28.7338
28.9878
28.8711
28.92
28.6738
29.4005
29.1376
28.9206
29.5487
28.7263
29.1484
29.2287
29.1384
29.0721
29.3323
29.2412
28.8501
29.081
29.0198
29.2047
29.586
29.1665
28.9614
28.8036
29.428
28.8614
29.0479
28.8416
28.6686
28.9209
29.0646
29.0355
28.9635
29.1023
28.8426
28.7872
29.1056
29.2861
29.0736
29.1166
29.0087
29.0529
28.8338
29.2974
28.9593
29.1176
28.4568
28.7983
28.9161
28.8793
28.9493
28.9305
28.9399
29
28.8701
28.8484
28.9778
28.8656
28.5129
29.0509
28.9201
29.418
28.6846
29.2487
28.8374
29.2037
29.2388
28.5332
29.2053
28.9017
28.7421
28.6534
29.1605
28.9372
28.4734
28.6571
29.0819
29.5849
29.307
28.8317
28.7607
28.7456
29.1313
29.1382
29.2674
29.0874
28.8247
28.905
28.7616
28.6439
29.0326
28.8289
28.4254
29.0627
29.176
28.7588
28.9906
29.091
28.7686
29.0795
28.8622
29.1547
28.7148
29.1349
29.158
29.2291
29.0905
28.7805
28.7213
29.0929
28.6501
28.6021
29.074
28.8478
28.9368
28.7862
29.1487
29.033
28.8897
28.9582
28.7007
28.6344
29.1745
29.0918
29.3342
28.771
29.017
29.0695
28.5856
29.2076
29.1373
28.6156
29.0059
28.8728
28.9997
28.9637
29.289
28.8422
28.8123
28.619
29.1583
28.8
29.273
29.3134
28.9989
29.1991
28.9398
29.0978
28.9528
28.7977
28.6046
28.598
28.576
28.5655
28.7784
29.0962
28.8331
29.0193
28.8484
29.303
28.869
29.4667
28.6998
28.8051
28.9796
28.7015
28.3413
28.8847
28.7588
28.7953
28.6507
28.6082
28.7353
28.6608
28.6073
28.36
28.3954
28.8518
28.8298
28.7775
29.119
28.6304
28.8427
28.9348
28.6575
28.3487
28.5066
29.1705
28.7522
28.7019
28.9103
28.5399
28.5834
28.9139
29.2827
28.5333
28.7774
28.4503
29.1457
28.4826
28.7956
28.4917
28.9933
29.2469
28.204
28.6391
28.2957
28.8146
28.6678
29.2565
28.3239
28.4164
28.8062
28.6819
28.7102
29.1126
28.6244
29.1171
28.3693
29.0053
28.3285
29.0292
28.8294
28.8299
28.6754
28.7491
29.0747
28.3777
28.7728
28.7235
28.9899
28.9663
28.6784
28.882
28.6207
28.5782
29.1855
29.021
28.7709
28.8007
28.9765
28.6332
28.6722
28.883
28.6838
29.3214
28.7253
28.5947
28.4087
28.739
28.6098
28.9198
28.6409
28.2793
28.8763
28.8495
28.6704
28.4097
28.8106
28.9642
28.7329
28.756
29.0085
28.5892
29.1042
28.9721
29.1338
28.8392
28.7191
29.0061
29.238
28.9507
28.9886
28.6304
29.2992
28.9328
29.0085
28.7467
29.2554
29.1048
28.9778
28.9296
28.878
28.8719
29.1636
29.2547
28.7026
29.0186
28.7983
29.0157
28.9505
28.9599
29.1853
29.1298
29.2341
28.9275
28.9573
28.8322
28.6345
29.4315
28.8708
28.9696
28.7955
29.0714
28.8636
29.1714
29.0069
29.0023
28.8842
28.6781
29.1457
28.888
28.7598
29.1134
28.5795
29.125
28.7072
29.5872
28.8567
28.7689
29.2212
29.0238
28.6897
28.7093
29.1026
29.2155
28.8062
29.2009
29.1503
28.9186
28.7608
28.9912
28.8701
28.9434
28.9567
28.9701
28.9898
28.6879
28.8051
29.074
28.9527
28.7784
28.9147
29.2789
28.8261
28.8161
29.2421
28.9191
28.8617
29.2473
29.0163
29.0855
29.4075
28.6887
29.0952
28.8779
28.8965
28.6828
28.6516
28.8853
29.002
28.9392
28.8382
28.7887
29.1231
29.1488
29.2437
29.0251
28.9121
29.0748
28.7599
29.3043
29.3837
28.9599
28.5976
29.2143
28.8322
28.85
29.1708
29.0222
29.13
28.8167
28.9931
28.7887
29.0479
29.2189
29.1001
29.1151
29.2022
29.2269
29.0945
29.6275
29.377
28.8135
28.9266
28.8895
29.3314
29.1848
29.1421
28.7473
29.0726
29.5761
28.796
29.2065
28.9037
28.853
29.0997
28.8346
29.2561
28.5435
28.8745
28.9721
28.8894
28.8655
28.9312
28.9413
29.6435
28.7808
28.6762
28.6807
28.9014
29.1664
29.0144
29.5274
28.7998
28.72
28.9221
29.0736
28.7425
29.0374
29.2333
29.0632
28.9481
28.8765
29.2047
29.1389
29.5207
28.7133
29.2061
28.9325
29.3191
28.9028
29.2054
28.4667
29.1269
28.943
29.0693
29.1339
28.8729
29.1922
29.037
28.7494
28.6994
29.0498
28.8679
28.8207
28.9661
29.1188
29.1248
29.2269
29.0535
28.9353
28.8837
29.2669
28.786
29.3767
29.1862
28.6313
28.7205
29.1166
28.9174
28.9432
28.9302
29.1675
29.0679
28.8415
29.1387
28.8187
28.7336
28.7381
28.4115
29.3165
28.6158
28.9784
28.718
29.1971
28.4811
29.1176
29.0631
29.1837
29.0317
29.0508
29.0304
28.8385
29.0021
29.2021
28.9136
28.8959
29.0101
29.1329
28.6702
29.2025
28.9236
28.762
28.9378
28.9187
29.0365
28.7543
29.0617
28.8976
28.8153
28.6682
28.7672
29.2299
28.8445
28.754
29.0127
29.2389
29.08
28.574
28.8405
28.6891
29.1306
28.8491
29.0556
29.2179
28.8029
28.8833
28.8548
28.9579
28.9152
28.7662
29.101
28.8116
28.7797
29.142
28.8385
28.9079
29.1036
29.4046
28.9784
29.0238
29.4365
28.7651
28.4599
29.0824
28.7813
29.1029
29.0211
28.6351
28.9647
28.4373
28.5945
28.8781
28.8926
28.523
29.1057
28.3789
28.6636
28.7522
28.9849
28.7018
28.8134
28.7445
29.0812
29.2688
28.9028
28.8414
28.7444
29.3274
28.6026
28.9566
28.9419
28.4421
28.6529
28.6549
28.8228
28.9317
29.322
28.9631
28.9131
28.8642
28.7414
28.6354
28.6786
28.7865
28.6067
28.9894
28.7873
28.4916
28.9002
28.7286
28.6369
28.8705
28.9613
29.123
28.4397
28.832
28.9483
28.9316
28.7391
28.8428
29.0694
28.8316
28.522
28.9746
28.4489
28.6055
28.8976
28.9101
28.53
28.712
28.5239
28.8255
28.7921
28.6249
29.0022
28.7686
28.9123
28.7103
28.8371
28.5253
29.0404
28.8452
29.018
29.1275
28.538
29.2208
28.8253
28.6489
28.912
29.1745
28.8074
28.4857
29.0327
28.8689
29.0747
29.0846
28.4024
28.5832
28.8904
28.3606
28.5981
28.5417
28.4944
28.7822
28.6435
28.434
28.7866
29.0085
29.0396
28.4073
28.8787
28.6976
29.017
28.5224
28.437
28.8211
28.693
28.8525
28.5919
28.8239
28.8689
28.4412
28.9288
28.8731
28.6529
28.7234
28.6181
28.6828
29.0358
28.7172
28.5823
29.4302
28.4738
28.3853
28.7317
28.9282
28.7031
28.7923
28.7584
28.5307
28.9841
28.9666
28.9409
28.8894
28.6424
28.6721
28.6037
28.8392
28.373
29.5033
28.7987
28.99
28.6751
28.8548
28.5833
28.5355
28.4845
28.8885
28.654
28.2725
28.5935
28.7001
28.562
28.8814
28.9794
28.8838
28.8845
28.6835
28.9205
28.9728
29.0178
29.0493
28.8933
28.582
28.6538
28.4408
28.8301
28.5913
28.2009
29.0488
28.9211
28.7224
28.6613
28.614
28.485
28.4953
28.5401
28.8293
29.0144
28.9937
28.7952
29.1085
28.8338
29.0017
29.2447
28.8479
28.8175
29.0167
28.4394
28.9631
28.9587
28.6144
28.7521
29.0793
28.6989
28.6458
29.1248
29.0458
29.3198
29.0413
29.4231
28.596
28.7572
28.7999
28.8529
29.1481
28.6139
28.8592
29.0365
28.9194
29.4146
28.7141
29.2063
28.7614
28.7037
28.882
29.1459
28.7162
28.6694
29.3659
28.8948
29.0637
29.1007
28.8369
28.6393
28.9878
28.9778
28.661
29.0054
29.0831
28.9814
28.9997
28.947
28.7315
28.9198
28.6858
28.855
28.8306
29.1118
28.8095
28.9809
29.1708
29.141
29.169
28.5713
29.0136
29.0077
28.7376
28.9744
29.2536
29.0296
29.3174
28.841
28.8018
28.8681
28.7398
28.8122
28.9308
29.1096
28.8859
29.3519
28.8575
28.8334
29.0056
29.2335
29.1297
28.8135
28.883
29.0877
28.8553
28.6982
29.0873
28.6619
28.6893
29.1345
28.9953
28.5567
29.0799
29.1275
29.0405
29.0587
28.8905
28.912
28.7418
28.6144
28.3927
28.6629
28.7816
29.3427
28.7585
28.7963
29.0631
29.0336
28.8227
28.5995
28.8389
28.6886
28.4683
29.2351
28.6378
29.38
28.8879
28.9818
28.7953
28.6555
28.9731
28.658
28.3766
28.511
29.4377
28.865
28.9972
28.8859
29.1851
28.8634
28.6152
29.0292
29.1466
28.2866
28.6501
28.5339
29.0943
28.7393
28.9542
29.1493
28.798
28.5382
29.0176
28.399
28.6415
29.2178
29.06
28.7058
28.6201
28.7448
28.6598
28.9622
28.9985
28.401
28.461
28.4656
29.162
28.8525
28.6479
29.0298
28.832
28.2605
28.7258
29.0028
28.7383
28.4205
28.7866
28.9078
29.2696
28.5868
28.986
28.5443
29.1736
28.6302
28.3916
28.716
29.1137
29.0674
28.9085
28.9522
28.6939
29.1052
28.4852
28.9758
29.0481
29.1238
28.8663
28.7751
28.8394
28.8654
28.7309
29.0501
29.3208
29.1007
28.8257
28.6614
29.214
28.9413
28.6852
28.9041
28.8387
28.889
28.762
29.2585
28.9363
29.0182
29.1087
28.4642
29.1634
29.2527
28.6948
28.6262
28.4252
28.5073
28.7258
28.7088
28.8101
28.9476
28.9175
29.0961
29.0041
28.6206
29.0045
28.5914
29.2157
28.602
28.7663
29.0295
29.2143
28.8526
28.6592
29.4834
28.7067
28.9922
28.6136
28.8723
28.6043
28.9582
28.7592
28.7649
29.3367
28.8911
28.7058
28.9168
28.7339
28.6797
28.7341
29.0999
29.1065
28.9237
29.2248
29.1016
28.7893
28.6619
29.3909
28.7554
29.08
28.8068
28.9158
28.8439
28.8741
28.7181
28.4706
28.803
29.2186
28.7442
28.9387
29.1289
28.7025
28.7803
28.8755
28.5304
28.5573
28.8443
29.0013
28.8132
28.792
28.7125
28.9047
29.0766
29.071
28.9452
28.9777
28.2457
28.886
29.1136
28.7925
29.0167
28.5411
28.372
28.9146
28.858
29.0548
28.9827
28.8432
28.7201
29.0766
28.8671
28.788
28.4804
28.896
29.0852
29.0356
29.0127
28.9557
29.1395
28.9261
28.974
28.9672
28.6148
28.8389
29.0917
28.8584
28.6446
28.5334
28.6819
29.1761
28.7679
28.9124
28.8848
28.9266
28.5797
28.9225
29.0323
28.6262
28.6007
28.9727
29.0628
28.5814
29.2373
28.7191
28.5139
28.9514
28.309
28.9714
28.7979
28.3548
28.9321
28.9544
28.8693
28.9254
28.916
28.9828
28.9637
28.6352
28.901
28.7324
28.9658
28.8894
28.9703
28.8365
28.8908
29.2201
29.0138
29.0611
28.4468
28.8953
28.4041
28.9477
28.5947
28.7483
28.529
28.8055
28.4382
28.7968
28.7333
28.6272
28.9788
28.6262
28.6123
28.3542
29.0388
28.8172
28.6889
28.6137
28.668
28.7973
28.8647
29.0829
29.27
28.9096
28.7401
28.55
28.9526
28.886
28.6343
28.3742
28.7999
28.7945
28.663
28.63
28.7416
28.7833
28.7938
28.6911
28.9166
28.6349
28.3717
28.7252
28.8079
28.8159
28.8595
28.8028
28.5581
28.6643
28.5975
29.1094
28.8346
28.5689
28.9058
28.8586
28.6398
28.6225
28.8546
29.0155
28.8595
28.7899
28.3722
28.7769
28.9251
28.951
28.9199
29.2754
28.8457
28.5803
28.5915
29.0242
28.8766
28.5144
28.8995
28.6401
28.789
28.6014
28.7379
28.5166
28.6303
28.8234
28.754
28.8732
28.523
28.6628
29.12
29.0661
28.7019
29.2028
28.7075
28.9445
28.9864
28.7614
28.7168
28.8632
29.3584
28.7506
28.7749
28.7402
29.1062
28.898
29.1214
28.9901
29.0514
28.6897
28.9122
28.9505
28.4888
29.0381
28.876
28.9343
29.2719
28.6583
29.0859
29.0821
28.6926
28.6986
29.0341
28.8553
28.9107
28.7059
28.9874
28.9168
29.3069
28.8322
29.1493
28.4615
29.0888
28.8691
28.7815
29.1389
28.7876
28.9
28.4973
28.6989
28.8214
29.3535
28.9376
29.0472
28.5743
28.8863
28.8817
28.812
28.773
28.9851
28.6987
28.7593
28.6963
29.111
28.743
28.6389
29.0045
28.4617
28.7371
29.1036
29.2019
28.5733
29.1216
28.3136
28.9548
28.6317
29.1966
28.9942
28.9652
28.8712
28.4873
28.9134
29.0809
29.0618
28.7339
28.6003
29.0888
28.9916
28.8615
28.8612
28.9397
28.7761
29.0142
28.6069
28.9848
29.1382
28.9033
28.7381
28.5337
28.9727
28.8722
29.0823
29.2434
28.9944
29.0539
28.708
29.0143
28.9969
29.328
28.6699
28.5267
29.4161
28.8296
28.5203
28.7997
28.8536
28.7628
29.0208
29.0197
28.8919
28.8821
28.7987
28.9126
28.7938
28.7389
29.2365
28.458
29.3372
28.6715
28.9419
28.6119
28.4794
28.8297
28.9769
28.5312
28.8953
29.0207
28.6305
28.95
28.9615
28.692
28.791
29.2138
28.8828
28.9836
28.9024
28.8648
28.7135
28.8858
28.6166
28.9177
28.9878
28.7067
29.2667
28.8691
29.2878
28.7441
29.4737
28.8354
29.1712
29.0395
28.9791
29.0665
28.8072
28.9983
28.7417
29.1851
29.0805
28.8041
28.7719
29.2039
29.1656
28.9266
29.2285
29.0303
28.8041
28.9052
28.8871
29.2026
28.9618
29.3405
29.042
29.2037
28.9724
29.0237
29.0799
28.9042
28.5883
29.1517
28.7928
28.7845
29.188
28.9364
28.7391
29.1931
28.9914
28.6336
28.7639
29.2835
29.1248
28.7545
29.0646
28.6721
29.0335
28.682
29.0661
28.9639
28.9141
28.6304
28.8324
28.7952
28.8516
28.7141
29.5299
28.8979
29.3631
28.7702
28.8405
28.924
28.7851
28.6992
28.8592
29.0921
29.416
28.873
28.9629
28.9738
29.1966
28.9527
28.9308
28.6747
28.9804
29.3423
28.7262
29.2876
28.9304
28.9267
28.7856
29.0265
29.0415
28.9652
29.0997
28.7781
28.9677
29.084
29.002
29.0371
28.8302
29.0304
28.7704
29.3163
28.9032
28.8433
28.7136
28.8822
28.9971
28.996
29.2037
28.6114
29.0069
28.9304
29.1329
29.0025
29.0425
28.6644
29.2104
29.029
28.8534
29.2662
29.2278
28.8352
29.1005
28.7175
28.9368
28.7861
29.0053
29.0438
28.9831
29.1055
28.9266
28.6111
28.8744
28.5538
28.4166
28.9131
29.1209
28.8022
28.5871
29.1467
28.81
29.0824
29.0231
29.2698
28.7276
28.9568
28.985
29.0459
28.9125
29.1912
29.1051
29.1253
28.7522
28.0284
29.0551
28.8175
28.8566
28.8479
28.697
29.0246
29.3129
28.8791
28.6011
29.1458
28.9278
28.4243
29.0615
29.2199
28.9257
28.9191
28.821
28.8263
29.0615
28.6741
28.4451
29.1336
28.7405
29.0135
28.8146
28.9546
29.1762
29.3291
29.1908
28.845
29.2293
28.9493
28.8333
28.6796
29.0565
29.0383
29.0328
28.7418
28.4844
28.3441
29.0046
29.276
29.1051
29.0693
28.9203
29.1273
28.9198
29.2022
28.8198
28.4508
28.9382
28.5063
28.9984
28.7573
28.9127
29.0524
28.7202
29.2427
28.5359
28.949
28.9207
28.7741
28.8046
29.226
28.784
28.7487
29.2155
29.1695
28.9873
29.0676
29.0688
28.9909
28.4034
29.114
28.7481
29.0264
28.4058
28.6606
28.5679
28.8134
28.7301
28.6544
28.7233
28.6947
28.8595
28.8489
28.7147
28.9325
28.4228
28.7934
29.0235
28.9514
28.9751
29.0681
29.1321
28.8984
28.8318
28.8667
28.682
28.6486
28.7619
28.6946
29.0249
28.9505
28.8776
28.7518
28.6579
29.0795
29.132
28.7222
28.6608
28.7423
29.3803
28.9882
28.9532
28.4927
29.1764
28.7274
28.9115
29.0641
28.7861
28.6683
28.5052
28.8548
29.1537
29.0577
28.6811
28.8873
28.7543
28.8111
28.6611
28.83
28.8252
28.9941
28.6458
28.7537
29.116
29.0886
28.9722
28.435
28.9889
28.9523
29.0588
28.6952
28.9788
28.652
28.7191
28.7485
28.5945
29.1665
29.1051
28.7776
28.8074
28.8005
28.2485
28.6006
28.4856
28.8971
28.9739
28.6987
28.8386
28.8395
28.5318
28.9522
28.7571
28.5352
28.6173
28.5635
29.1988
28.4715
28.7635
28.9798
28.6616
28.7172
28.4825
29.3329
28.6569
28.5373
28.6652
28.8074
29.1201
28.9111
28.5521
28.7605
28.5669
29.0912
29.0203
28.8582
28.842
29.2433
28.5408
28.9944
28.7604
28.839
29.1484
28.7362
29.057
29.1891
29.1613
29.586
28.8156
29.0134
29.268
28.9951
29.4388
28.8284
29.3475
28.9885
29.3371
29.1456
28.6994
29.112
28.9016
29.0274
28.9574
29.208
29.2332
29.1721
29.5588
28.93
28.9465
29.3728
29.0691
28.4475
29.1965
28.9086
29.1861
28.9599
29.1574
29.2616
28.9658
29.161
28.9498
28.6367
28.9037
28.7325
29.034
29.123
29.187
28.8656
29.1969
28.9548
29.0682
29.3908
28.9644
28.8204
29.1132
28.7173
28.8845
29.0814
28.7226
28.6844
28.975
29.3615
29.0092
28.9202
28.8271
28.8323
29.155
29.1793
28.9492
28.9796
28.9467
28.8051
29.2516
29.0404
29.115
28.5397
28.8081
29.1298
29.0004
28.6516
28.9459
28.7976
28.7152
28.866
28.7204
28.5048
29.0119
29.0954
29.2682
28.7989
28.697
29.0188
29.102
28.9902
28.4621
28.7604
29.181
28.523
28.7396
28.9048
28.8655
28.3059
28.8743
28.4717
28.4876
28.9011
28.7805
28.7738
28.7113
28.965
28.6292
29.067
29.0039
28.3041
28.6774
28.8057
28.4205
28.8093
28.9683
28.7918
28.7392
28.8858
28.8816
28.8242
28.524
28.6726
28.6146
28.8964
28.7632
28.7555
29.0051
28.502
28.8508
28.6425
28.4936
28.7435
28.8869
28.7512
28.7158
28.6385
28.5216
28.8509
28.7037
28.4245
28.8104
28.8941
28.8793
28.7376
28.7934
28.7142
28.8797
28.7959
28.6337
28.8613
29.0462
28.7653
28.9776
28.8708
28.7034
28.757
28.9955
28.9459
28.6963
28.8132
28.7776
28.3618
28.741
29.1124
29.1906
28.7745
29.0457
29.106
28.4413
28.9059
28.989
28.6384
28.9014
28.7385
28.7331
28.8103
28.8884
29.0348
29.0668
29.2324
28.7835
28.5791
28.5537
29.0393
28.5159
28.7918
28.9891
28.7715
28.9385
29.203
28.8671
29.3553
28.4791
28.7495
29.0426
28.457
28.6349
29.0546
28.8147
28.7412
28.9913
29.1136
28.6845
29.1221
28.9095
28.6148
28.8051
28.6128
28.7609
28.5883
28.3398
29.2294
28.743
29.1817
29.2136
28.775
28.7217
28.3297
28.9566
28.9688
29.0395
28.7143
29.1634
28.9316
28.6888
28.8771
28.6297
28.9454
28.7772
28.6329
28.7972
28.8248
28.9228
28.8378
29.1761
28.2899
28.752
28.8578
28.8519
28.8875
28.9723
28.6342
28.8295
29.2482
28.8043
28.8432
29.1813
29.2018
28.9986
28.9515
28.5885
28.8924
28.4977
28.6224
28.7354
28.9127
28.9085
28.9523
29.0424
29.1367
28.9813
28.6752
28.8778
29.1551
29.0218
28.8747
28.9646
29.0125
29.126
28.8751
29.0412
29.0606
29.0086
28.4578
29.2185
29.0509
28.9299
29.1163
28.8801
28.8013
29.0229
28.7532
29.0185
28.7422
29.3403
28.9245
29.0386
28.771
28.7555
28.8202
28.8437
28.9525
29.2614
28.9885
28.6863
28.7765
29.045
28.8973
28.7556
28.789
28.8874
28.9154
28.9268
28.7969
29.1647
28.8585
28.7759
28.9137
28.8083
28.9806
28.8838
28.6866
28.4005
28.9345
28.6777
28.8692
28.5204
29.1649
29.1108
28.7054
29.1388
28.7712
29.1798
28.9418
28.5529
28.7281
28.7672
29.0898
28.6588
28.7593
28.8798
29.2922
28.9482
29.2285
28.7144
28.7907
28.8859
28.0618
28.8161
28.745
28.8974
28.8597
28.5282
28.7801
29.2499
28.7713
28.9629
28.5198
29.0246
28.8287
28.9087
28.7798
29.0165
28.8838
28.6925
28.8879
29.0178
28.7671
28.7885
28.8395
28.8526
28.9024
28.725
29.0663
28.6735
29.378
29.3571
28.5703
28.7964
29.1112
28.5167
28.9352
28.8032
29.0687
28.918
28.807
29.0316
29.1837
28.7551
28.9744
29.016
28.859
28.8681
29.069
28.9146
28.9519
28.819
29.0423
29.0462
28.6711
28.6578
28.8308
28.7416
29.4171
28.8087
28.997
28.9003
29.052
29.1914
28.6528
28.958
28.6103
29.1022
28.7827
29.1535
29.1006
28.7258
29.028
28.8733
28.589
28.7789
28.7382
28.5491
29.1191
29.2522
28.7539
28.505
28.8944
28.6286
28.8595
28.8118
28.8079
28.5785
28.9456
28.9416
29.1413
28.7801
29.1226
28.739
29.0459
28.8577
29.0682
28.5169
28.932
28.4982
28.975
28.8044
28.649
28.6271
28.8718
28.919
28.7158
28.6384
28.9455
28.8936
28.6357
29.0717
28.9917
29.2508
28.7721
28.9842
28.529
28.6629
28.8565
28.6024
29.2612
28.9579
28.7322
28.7629
29.0531
28.6048
28.41
28.8781
28.9499
29.0533
29.4572
28.5871
29.2275
28.5744
28.486
28.6079
28.7596
28.9451
28.896
29.0655
28.8393
28.26
28.9688
28.94
29.117
29.0942
29.0693
28.5835
28.8881
28.9248
28.8517
28.7536
28.644
29.0476
28.6536
28.6919
28.7681
28.7048
28.9777
28.8742
29.0018
28.8487
28.8559
28.5649
28.6847
28.7506
28.9899
28.5505
28.7036
28.9759
28.8538
28.8515
28.9761
29.0309
28.6935
28.8844
28.8053
28.8831
28.8301
29.2082
28.8461
28.6411
28.8512
28.9593
28.8304
28.7912
28.8097
28.3877
28.9879
29.2399
28.9515
28.7965
29.1005
28.6847
28.9855
29.0464
28.8447
29.0631
28.9031
28.9548
29.0214
29.2402
28.6816
28.7953
29.0484
28.8187
28.7494
29.1141
28.497
28.847
29.241
28.7293
28.9362
28.555
29.0775
28.5404
28.5637
28.8665
28.7629
28.8587
28.5099
28.8869
28.7546
28.7024
28.3294
28.746
28.8406
28.8447
28.7439
29.0232
28.9327
29.0848
28.6623
28.8055
28.3598
28.8108
28.7594
29.0922
28.6965
28.7351
28.5142
28.5897
28.6113
28.5675
28.5637
28.6024
28.296
28.8612
28.3808
28.8823
28.6652
28.8785
28.8642
28.8212
29.0035
28.8002
28.9053
28.8541
28.5175
28.9055
28.8361
28.8949
28.7514
28.6975
28.8289
28.7418
28.3895
28.7907
28.5317
28.927
28.9603
28.9615
28.703
28.7144
28.774
28.6289
28.8976
28.9203
28.7681
29.1623
28.5871
28.8182
29.0347
28.545
29.1243
28.4737
28.5851
28.7955
28.9676
28.9314
28.8741
29.1013
28.6623
28.6638
28.7617
28.9947
28.5162
28.7021
28.9126
28.6998
28.681
29.0028
28.9698
28.8113
28.9174
28.7692
28.9817
28.712
28.7799
28.6068
29.0889
28.7438
28.8429
28.9952
28.6498
28.5212
29.1338
28.6021
28.8443
28.7049
28.7286
28.5436
28.356
28.4211
29.2114
28.6351
29.1385
28.7399
28.9086
28.9051
28.8202
29.1422
29.2123
28.9752
28.9422
29.0351
28.8156
28.7598
28.3356
29.1096
28.8098
28.7569
29.2449
29.0771
28.533
28.9144
29.146
29.4428
29.0027
28.9173
28.9881
28.9287
29.1644
29.4115
28.6602
29.0969
29.0535
29.3745
28.8974
29.0096
28.9543
28.895
29.4047
28.934
28.5955
29.0215
29.2087
28.7718
29.0868
28.9778
28.5603
28.8382
28.7906
29.2737
29.0236
28.7224
29.085
28.7707
28.5547
28.5043
29.0008
28.669
28.9461
29.1592
28.8262
28.9774
28.684
29.4517
28.8213
28.8545
29.2752
28.6442
28.8469
28.6606
28.9166
29.0645
29.1946
29.2257
28.9272
29.215
28.492
28.4264
29.0502
29.1774
28.9807
29.1217
29.222
28.8535
28.9196
28.8342
29.1361
28.6897
29.0651
28.9165
29.354
29.0529
29.0189
29.4386
28.9782
29.0569
29.0217
28.9966
29.0611
28.9453
28.9097
28.7547
28.8883
29.1231
29.0797
28.8167
28.8805
28.9951
29.1865
28.9064
28.9979
29.0195
28.7171
28.7733
29.3278
29.0431
28.8258
29.0786
29.139
28.7532
29.0147
28.9357
28.9481
28.941
28.9011
28.5313
29.398
29.0621
28.832
29.053
29.1056
28.8053
28.8562
29.069
28.4278
29.072
29.0939
28.6826
28.9065
29.338
29.4168
29.4558
29.4272
28.7937
29.51
29.484
28.4979
28.6169
28.9128
29.0555
29.1193
28.7911
28.8731
28.7571
28.7338
28.7656
28.5626
29.2155
29.2366
28.9075
29.0333
28.9042
28.9856
28.6467
29.0419
29.1984
28.9712
29.2513
29.1813
28.8689
29.4525
28.8162
28.6443
28.7985
29.2836
29.3715
28.9281
29.152
29.221
28.8357
29.1245
29.2852
28.6317
29.3543
28.5912
29.1496
29.4314
28.7347
29.3509
29.0923
29.0786
28.9393
28.8437
29.0053
28.4987
29.2655
28.9708
28.6934
28.7184
29.2586
28.9326
28.6857
29.1865
28.6859
28.8031
28.9817
28.8599
29.0314
28.8941
29.1098
29.3425
29.0437
29.1778
29.0572
28.8702
28.8101
29.0149
29.1449
28.9645
28.8345
29.0872
28.9788
28.9321
29.1513
29.048
29.2889
28.6758
29.274
29.4529
29.0122
29.3831
28.9934
29.3865
29.1235
29.0315
28.7902
29.0922
29.089
28.7942
28.8257
28.4814
29.0293
29.2485
29.1198
29.2879
29.3874
29.1579
28.6592
28.7884
28.829
28.6954
28.7889
28.9977
29.1887
29.0851
28.8096
28.8654
28.8673
28.606
29.1223
28.7026
28.8527
29.076
29.0438
29.0732
28.8062
28.7923
29.1301
29.2043
29.156
29.0572
28.8249
28.3479
28.7541
28.4499
28.8968
28.9873
29.0018
28.9094
28.9836
29.3306
28.7153
29.0043
28.8628
29.0884
28.8121
28.7689
29.2439
29.0909
29.0064
28.9034
28.9781
28.8039
28.8881
28.678
29.0824
29.3309
28.6331
29.1686
29.1857
28.9877
28.7113
29.2931
28.7294
29.2316
29.1209
28.7973
29.0475
28.721
29.0363
29.1612
28.7697
29.0837
28.6257
28.7553
29.2873
28.7155
28.8397
29.1694
29.0528
29.0337
29.0453
28.9927
28.8865
28.8015
28.9289
28.9209
28.7496
28.9068
28.6001
29.2671
28.9928
28.7861
28.6264
28.9438
28.9363
28.7944
29.178
28.9604
28.87
28.8403
29.0089
28.883
28.9119
29.2294
29.1875
28.9706
29.0543
29.1921
29.4476
28.7328
28.8221
29.1156
29.0553
29.5092
29.3998
28.883
28.8473
29.0012
28.9997
29.0829
28.7969
28.6489
29.0213
28.9136
28.8908
28.6539
29.2624
28.7037
29.1034
28.699
29.0865
28.6692
28.836
28.4027
29.1334
28.9126
28.3794
29.1223
28.6445
28.6298
28.839
29.1331
28.4623
28.8337
28.9724
29.0972
28.7789
28.7847
28.9775
28.7863
29.0024
28.5319
28.3825
28.2853
28.5094
28.7524
28.8349
29.0263
28.59
28.7497
28.8201
28.8197
28.8877
28.8153
28.8447
28.9501
28.9673
28.9251
28.5697
28.6982
28.8826
28.4838
28.5925
28.7928
28.5276
28.4858
28.9789
28.8604
29.2165
28.4262
29.0361
28.7634
28.5976
29.2899
28.8414
28.6987
28.9556
28.8195
29.0283
29.0819
28.7926
28.3369
28.7854
29.1819
28.8104
28.9398
28.9789
29.0832
28.8145
28.9152
29.232
29.0599
29.4017
29.0736
29.2022
29.1475
29.1963
28.8661
29.4413
29.0793
28.7263
29.1238
29.1279
29.3101
28.7817
29.0616
29.269
29.1256
28.9116
28.7663
29.0124
29.3282
29.0315
29.1698
28.8664
29.131
28.592
29.0649
29.1605
28.6614
29.1793
29.0127
28.9445
29.1676
28.9738
29.099
29.3015
28.9984
28.8373
29.3317
28.9864
28.8543
29.2956
28.9708
28.9473
28.7074
29.1421
28.9224
29.1445
28.6014
29.281
28.9559
29.2972
28.9494
28.8986
29.205
28.8078
29.1746
29.1603
28.9891
28.7832
29.1342
29.0611
28.6505
29.1261
29.1504
29.063
29.167
28.7917
29.147
28.8878
28.8798
29.2486
28.8967
28.9372
28.9197
28.9157
28.9406
29.2148
29.2503
29.1729
28.8859
29.0865
29.0977
28.8299
28.7383
28.9487
29.0916
29.0077
28.9794
28.8432
29.1299
28.8275
29.3195
29.2551
28.8685
29.3571
29.1485
28.8621
28.9638
28.9442
29.0566
28.8888
28.7233
28.8775
29.1251
28.9993
29.1035
28.8044
29.0511
29.0175
28.9191
28.8307
28.7859
29.3455
28.7516
29.2564
29.2114
29.5547
28.9554
28.9445
29.1096
28.5823
28.8446
28.48
28.5229
28.7541
29.0457
28.6534
28.9255
28.3005
28.7943
28.494
28.8714
28.5891
29.0457
29.0382
28.6058
28.7246
28.4949
28.895
28.5677
28.6547
28.8124
28.1093
28.6755
28.3553
28.7663
28.5413
28.7817
28.7056
28.9044
28.9248
28.8134
28.9504
28.5944
28.8446
28.8958
28.5571
28.7173
28.616
28.5922
28.7665
28.8511
29.0768
28.7222
28.6033
28.4314
28.4729
28.4184
28.8685
28.7384
28.503
28.4543
28.4146
28.8498
28.3636
28.8197
28.3633
28.4219
28.9973
28.8643
29.1499
28.9741
28.8754
28.7819
28.9242
29.0347
29.0764
28.9676
28.7969
28.9622
28.3965
28.7423
28.5493
29.0613
28.7144
28.8543
28.9627
28.9375
29.0031
28.8054
29.0015
29.3107
28.8475
29.1227
29.0573
29.0359
28.7464
29.1585
28.8483
28.5797
29.1245
29.3626
28.568
28.8099
29.1255
28.8155
29.2247
28.9987
28.8282
29.238
29.0817
29.1122
28.9265
28.5643
28.9551
28.8178
28.6793
28.6417
29.1989
29.0171
28.9216
28.9329
28.8941
28.9965
28.6671
28.7312
28.4326
29.3115
28.9154
29.0113
29.2323
29.205
28.9484
28.6308
29.0139
28.5027
28.5244
28.869
28.837
29.1798
28.8827
28.7895
28.5657
28.6286
28.7118
28.6787
28.9301
28.6251
28.5963
28.6725
28.5136
29.011
28.9947
28.6995
28.6881
28.5952
28.4778
28.449
28.7292
28.4415
28.6145
28.3392
29.0839
28.7737
28.754
28.9597
28.7721
28.7332
28.7064
28.8427
28.5976
28.5945
28.6022
28.8228
28.2967
28.9063
28.7573
29.1068
28.8343
28.7967
28.9711
28.7557
28.9453
28.7454
28.3605
28.5572
28.8975
28.7097
28.664
28.6137
29.057
28.8957
28.6532
28.7382
28.6452
29.0395
28.9519
29.0675
28.5387
29.0264
29.1342
28.7005
28.6782
29.0699
28.7988
28.3981
28.9563
28.7574
28.786
28.9394
28.684
29.0304
28.9597
28.8726
28.6289
28.6751
28.9203
28.7638
28.8589
28.9912
29.0157
28.3573
28.7155
29.2928
28.7392
28.8636
28.5797
28.7709
28.5326
28.9522
28.9059
28.994
28.5655
28.7923
28.6687
29.1347
28.8126
29.1605
28.6499
28.9246
28.8861
28.9128
28.9619
28.8323
28.3458
28.7041
28.9729
28.7036
29.3019
28.6878
28.703
28.9728
28.5183
29.1033
28.4622
28.9036
28.4949
28.8058
28.644
29.076
28.6322
28.8153
28.7956
28.6955
28.775
28.9146
28.5273
28.6042
29.0235
28.6266
28.4273
29.1999
28.6547
28.8947
28.7971
29.4016
28.6086
29.0947
28.5506
28.6142
28.8169
29.095
28.9185
28.6753
28.6533
28.5045
28.864
28.9037
28.8229
28.7196
28.3245
28.589
28.9662
28.9006
28.5471
28.9971
29.0171
28.6839
29.2064
29.0109
28.5835
28.6644
29.0651
28.5642
28.5727
29.0975
28.7995
28.7384
28.7747
28.6792
28.9041
28.6844
28.6751
28.6875
29.0982
28.8401
29.2614
29.357
29.1183
28.8047
29.2965
29.1791
28.9147
28.9238
29.002
28.8507
29.1528
29.0022
29.1478
29.3952
28.8816
29.0717
29.1699
28.8191
29.091
29.3739
28.6913
28.8329
29.1948
28.9595
28.804
28.5213
29.1316
28.898
28.5552
28.9236
28.7699
28.9915
29.2284
29.0311
29.0909
29.1345
28.7558
29.0192
29.0113
28.9831
28.7851
28.3976
29.0385
28.6836
29.0268
29.1235
29.0353
28.8019
28.5025
29.0752
28.9949
29.3217
29.1769
28.9985
28.9743
28.6381
29.4722
28.9836
28.9361
28.965
28.8399
28.8011
28.6667
28.9281
29.0224
28.5427
28.9547
28.9821
28.9875
28.8843
28.9006
28.5212
28.8912
28.7317
28.748
29.0878
29.0004
29.0779
28.7861
28.5273
29.1624
28.5705
29.1547
29.155
29.0636
28.9008
28.8583
28.9572
29.1105
28.9279
29.0633
29.0686
28.6103
29.0602
28.747
29.0514
28.705
28.7251
28.9436
28.9961
29.2813
28.8868
28.6915
29.0531
28.8454
29.0647
29.1398
28.8029
29.1338
29.2519
28.9011
28.8701
28.4705
29.1645
28.9521
28.8456
28.6655
29.0012
28.5813
28.6568
29.2456
28.7672
28.7581
28.8979
29.0453
28.8036
29.1882
28.7573
29.018
28.8405
29.2609
29.1197
29.4605
28.4155
28.419
28.7483
28.7501
29.0857
28.9263
28.9382
29.0674
28.9367
29.1391
28.9295
28.651
28.7349
29.07
28.9037
28.6962
29.018
28.8287
29.1298
28.8687
28.8409
28.7149
28.9054
28.7808
29.0704
28.6682
28.9886
28.9931
28.9295
28.7753
29.1339
28.6874
29.3195
29.1393
28.8301
28.8094
29.1325
29.0083
29.3482
29.0275
29.4267
28.9937
29.6234
29.028
28.6846
29.3433
28.8563
29.0149
29.0519
29.2674
29.4636
28.8181
29.0169
29.0005
29.1081
28.9565
29.0371
28.73
29.4291
29.1388
28.9007
29.2026
29.1892
29.2355
29.3779
29.0273
29.4657
29.2936
28.9701
29.3525
29.2024
29.0035
28.9495
29.2018
29.1198
28.8953
29.1175
29.2547
29.0356
28.8971
29.2426
29.2445
29.1502
29.0392
29.5889
29.3067
29.1338
29.3025
28.9848
29.1213
28.5946
29.1732
28.8483
28.4713
29.0737
28.8704
28.6245
28.4204
28.9027
29.0335
28.3618
28.8168
28.8659
28.8688
28.5611
28.487
28.4202
28.545
28.7799
28.7924
28.5696
28.571
28.7456
28.8179
29.0519
28.6878
28.6805
28.9562
28.74
28.619
28.5656
28.7319
28.536
28.7797
28.3939
28.7026
28.5081
28.9556
28.3206
28.8311
29.1681
28.8609
28.8286
28.6146
28.5387
28.672
28.4321
28.7725
29.0746
28.7179
28.4138
28.8253
28.7469
29.3462
28.6167
28.9581
28.7195
28.5307
28.6734
28.7501
29.0091
28.4331
29.2154
29.0225
28.6762
29.1358
28.8963
28.5126
28.3826
28.7946
29.2086
28.9014
28.6764
28.3968
28.5618
28.8113
28.949
28.5529
28.9083
28.9752
28.9036
29.2884
28.5158
29.1942
28.9114
28.6401
28.8163
28.8343
28.8331
28.8773
28.6656
28.8019
28.5146
28.7927
28.6389
28.8532
28.7501
28.6425
28.7559
28.677
28.985
29.2595
28.68
28.7518
28.9732
28.8581
28.9435
28.7841
28.6379
28.8682
28.5396
28.9832
29.1409
28.9095
28.5888
29.4907
28.6464
29.1951
28.6332
29.1945
28.7232
29.0332
29.2874
28.7761
28.8244
28.7942
29.0614
29.2311
28.5649
29.2885
29.1719
28.7808
29.1616
28.974
28.9808
28.968
28.583
29.4887
28.7994
28.6408
29.0545
28.7988
28.8981
28.9269
29.0258
29.0241
28.8896
28.9415
29.1061
28.567
28.7543
29.2058
28.8681
29.0515
28.9676
28.4514
28.9381
28.9303
28.8752
29.406
29.0612
28.4827
29.0923
29.1075
28.7938
28.8525
29.2711
28.8698
28.834
29.2183
29.0644
28.5503
28.9869
28.7754
29.0769
28.9202
28.8479
28.7969
29.0628
29.0855
28.9717
28.6783
28.9508
29.0426
28.9252
29.0618
28.8135
29.0664
28.8811
28.9618
29.0817
28.9057
28.7674
29.0863
28.8028
28.8814
28.869
29.0729
29.179
28.6598
29.0169
28.8538
28.2804
28.8202
28.9249
28.9302
28.969
29.1609
28.9407
28.8915
28.568
29.051
28.2681
28.7336
28.5543
28.7645
28.6302
28.6752
28.5024
29.1653
28.9661
28.6334
28.8512
28.2693
28.6104
28.6737
28.796
28.4059
28.7211
28.3494
28.9068
28.7711
28.5015
28.8555
28.4403
28.702
28.9099
28.236
28.8964
28.4798
28.6972
28.699
28.5769
28.7286
28.4203
28.5106
28.5729
28.5151
28.6663
28.5636
28.5867
28.1656
29.0087
28.3776
28.5369
28.468
28.564
29.0481
28.6418
28.3536
28.5258
29.0402
28.8932
28.6751
29.0596
28.7373
29.0723
28.9558
28.7994
28.8735
28.6908
28.8209
28.6252
28.962
28.8312
29.1986
29.0761
28.7011
28.6948
28.8513
28.937
28.9261
28.9038
28.9501
29.1053
28.5655
28.7168
28.9126
29.0797
28.9359
29.0734
28.8915
28.8577
29.0062
29.3127
28.8537
28.7922
29.1976
29.0168
28.8832
28.7519
28.8416
29.009
29.2746
29.0573
29.176
29.0755
29.1145
29.1346
29.1219
28.9758
28.6014
29.3921
28.7656
29.097
28.8266
28.9003
28.9547
28.3855
28.5822
28.414
29.1208
28.6757
28.7768
28.5332
29.0705
28.7136
28.9599
28.9858
28.7017
28.6795
28.8869
28.6289
29.039
28.8961
28.7023
29.3202
28.7937
28.9988
28.826
29.0905
28.6957
29.1501
28.9449
28.7255
29.0229
29.2681
28.9837
28.6386
29.11
28.5698
28.9733
28.9708
28.7459
28.7774
28.9814
28.885
28.915
28.8208
28.8125
29.1792
28.5767
28.5816
29.2317
28.9413
28.6062
28.8422
28.6961
29.1748
29.0735
28.6096
28.6611
28.9221
28.6259
29.1769
28.9653
28.7536
28.7791
28.9703
28.9169
28.8781
28.7654
28.6753
29.155
28.7766
28.8924
28.8617
29.0984
28.8483
28.8962
28.7797
28.7935
29.2282
28.851
28.6523
28.8051
28.9794
28.4963
29.2054
28.7745
29.1101
28.7206
28.398
28.733
28.7589
29.0205
28.9607
29.0061
29.3198
28.7384
29.2888
28.7583
29.0773
28.7737
28.8258
29.1174
29.1045
28.9817
29.1175
29.2527
28.9995
29.1498
29.0172
28.7238
29.0621
29.0981
29.0778
28.9823
28.9033
28.9334
28.8895
28.961
29.0459
29.0301
28.5838
28.9376
28.6107
29.0883
28.9266
29.1667
28.9466
28.9269
28.7817
28.5393
28.9089
28.7277
28.8227
29.0023
29.122
29.0109
28.9278
28.7635
29.1757
29.2336
29.0065
29.072
28.5032
28.6534
28.7216
28.7073
29.0326
28.9442
28.7914
28.8804
28.6543
28.7161
29.3245
28.9313
28.874
28.9348
28.8204
29.2113
29.2825
28.7731
29.5512
28.9085
28.4512
28.908
28.711
28.5761
28.8084
28.8288
29.1638
28.9355
28.9842
28.4708
29.1426
28.5798
28.9639
29.1895
28.9476
29.0518
29.2061
29.2423
28.8083
28.6935
29.0101
28.6949
28.512
28.8636
28.7298
29.2054
28.986
29.2003
28.8775
28.8444
28.9505
28.8025
29.1015
28.7476
29.1333
28.8016
28.7597
29.0742
28.4116
29.3705
28.6349
28.7378
28.8431
28.8696
28.6514
29.1489
29.0256
28.8192
28.9062
29.0878
28.9731
29.2423
29.4229
28.8892
28.6923
29.1735
28.764
29.1969
28.6181
28.9052
28.9399
28.8204
28.9902
29.0958
29.1355
29.2556
28.7759
28.583
29.188
28.5668
29.1142
28.7898
29.0921
28.6895
28.8656
28.5177
28.5868
28.5928
28.8448
28.6173
29.1953
29.0056
29.1826
28.9675
28.7996
29.0092
28.8248
28.8844
28.7454
28.6077
28.4638
28.5723
29.1613
29.2546
29.2404
29.1596
29.1345
28.8062
28.7341
28.7944
28.8009
29.1448
28.6979
28.832
28.5475
29.5174
28.8094
28.8917
29.0253
28.7552
28.7468
28.5915
29.1084
28.829
28.4615
28.5503
29.1468
29.0046
28.7911
28.8571
28.793
28.8421
29.0286
29.0244
28.8169
28.4273
28.9812
28.7314
29.1465
29.1314
28.3154
29.3538
28.8442
28.921
29.0404
29.1647
29.0885
29.2028
28.5754
28.9708
29.1129
28.9584
29.3516
28.8613
28.9207
29.083
29.0291
28.7031
29.0851
28.9163
28.7912
29.2503
28.4688
28.8958
29.0328
29.0106
29.1382
29.1905
28.78
29.1411
28.973
28.7351
28.7572
28.6909
28.8747
29.0045
29.0012
29.1
29.2162
28.9262
29.1416
28.9283
28.7837
28.9125
29.0464
29.0044
29.2891
28.6434
29.4237
28.8206
29.0036
28.7246
28.714
28.7044
28.2989
28.9097
28.8123
29.0531
29.4803
28.8197
29.1687
28.9808
28.8907
28.9564
28.5309
28.5023
28.6977
28.499
28.7305
28.7887
28.7879
28.9181
29.0157
28.7859
28.7141
28.7898
28.7909
28.8581
28.9562
28.4749
28.6912
28.5436
28.9594
28.9239
28.258
29.1518
28.7342
28.422
28.5959
28.7192
28.9262
28.5192
28.6811
28.7402
28.5968
28.3478
28.9443
28.8501
28.7262
28.7788
29.0471
28.879
28.5434
28.7484
28.8992
29.1466
29.069
29.0903
28.8361
29.2371
28.9528
28.6961
28.7124
28.8714
28.9298
28.5664
28.7003
29.0619
28.9593
28.8837
28.2855
28.98
28.8337
28.9309
28.7406
29.1072
28.9397
28.6469
28.9452
28.9019
28.8397
28.7353
28.8222
29.2798
28.8428
29.5139
29.2646
28.6878
28.8794
28.9564
28.8233
28.9595
29.0744
28.6936
29.156
28.7887
28.5655
28.6832
28.9276
28.8052
28.8361
29.1598
29.1257
28.6036
28.7942
28.8342
29.3489
29.1969
28.9387
29.2216
28.327
28.9671
28.808
28.4948
28.7672
28.7952
28.6332
28.3251
28.5689
28.204
28.9395
28.6866
29.0403
28.8947
28.7375
28.7258
28.8303
28.564
29.2765
28.9771
29.0464
29.2233
29.1887
29.1349
29.0664
28.9889
28.7966
29.0322
28.9788
28.7603
28.8118
28.6307
28.6604
29.0025
28.6442
28.5299
28.7296
28.9736
28.8032
29.0283
28.8694
28.8807
29.355
28.766
28.9628
29.2062
28.9766
28.8015
28.9652
28.7377
29.1223
28.889
29.1447
28.6703
29.0939
29.01
28.3778
29.0684
28.8503
28.6362
28.8888
28.6447
28.6259
28.8564
28.9531
28.7599
28.6536
28.9344
29.1317
28.4996
29.0116
28.9763
29.1106
28.84
28.9213
28.5752
29.098
28.9412
28.9427
28.8716
28.9593
28.8717
28.814
29.0954
28.8136
28.875
29.3347
29.3392
28.9876
28.768
29.1134
28.5856
29.1525
29.0833
28.8214
28.7089
28.9682
28.74
29.0323
29.2183
29.0745
28.9533
28.9821
29.0596
28.9925
29.1876
28.9408
28.6842
28.5515
29.2108
28.6239
28.76
28.8535
28.7879
28.7526
28.6699
29.1186
28.4457
28.9766
28.4706
28.4147
29.0431
28.8486
29.0164
29.1032
29.1298
28.7974
29.1003
28.9646
28.965
28.3949
28.8154
28.7983
28.9171
29.0436
28.5904
28.9338
29.0844
28.8098
28.5793
28.8634
28.5472
28.5963
28.5476
29.0903
28.8333
28.621
28.6701
29.1025
28.6093
29.043
28.5513
29.2614
28.8105
28.8741
28.8702
28.7785
28.5277
29.0625
29.2959
28.846
28.8608
29.2085
28.6423
28.8179
29.0292
28.9997
28.6596
28.4806
28.9082
29.1885
29.3346
28.9493
28.8769
28.765
28.7191
29.0081
28.6179
28.9477
29.2725
28.9227
29.1767
28.9974
29.0082
29.1916
29.188
28.563
28.8243
29.1758
28.7635
29.0929
28.8257
28.8126
28.9306
28.6339
28.7159
28.8198
28.6935
29.1714
28.9511
28.4805
28.4776
28.9257
28.6679
28.8566
28.56
29.0178
28.9706
28.507
28.4202
28.6023
28.87
28.8812
28.7957
28.5762
28.7467
28.7174
28.9805
28.5234
28.9804
29.2737
28.4682
29.0338
28.7922
28.8666
29.0227
28.7784
28.9204
28.8799
28.7899
28.8471
28.6157
28.7059
29.503
28.8782
28.8179
28.7248
29.0404
28.8718
28.4763
28.816
29.011
28.8452
28.8721
28.8263
28.8316
28.7324
28.5863
29.2796
28.5134
28.8517
29.3106
28.6669
28.4959
28.9039
28.9797
29.0466
28.7056
29.1469
28.7612
29.1101
28.7269
28.9764
29.0182
28.8453
28.9569
29.099
29.4152
28.7109
29.0861
28.7523
28.9917
28.7112
29.2229
28.5124
28.9242
29.0704
28.6937
28.8569
29.092
28.6769
29.0568
28.8616
29.1377
28.594
28.8188
28.6096
29.0032
28.675
28.4985
28.8528
28.836
29.189
28.7169
28.7381
28.5296
28.9221
28.5267
28.713
28.328
29.0139
28.9469
28.6747
28.6414
28.432
28.8545
28.4733
29.0569
28.675
29.033
29.1111
28.6211
28.7172
28.9553
29.0947
29.0886
28.3765
28.858
28.8258
28.7651
29.3542
28.7857
28.908
29.0618
28.8956
28.9112
28.5469
28.6491
28.3779
28.6427
28.8687
28.7449
28.7324
28.6261
28.7732
28.8869
28.4831
28.8712
29.4437
29.3084
29.0069
28.823
28.8702
28.6948
29.0914
28.7862
28.8663
29.1491
28.7026
28.9002
28.9364
28.943
29.1072
28.8554
28.9786
28.8142
28.772
29.107
28.6958
29.1506
28.7409
28.4522
29.1693
28.8993
29.0589
29.3022
29.3003
29.0597
29.2011
29.2325
28.5981
29.185
28.8819
29.1049
28.4328
28.8186
28.6745
28.983
28.4486
28.9411
28.716
28.9599
29.1386
29.0445
29.2091
29.2158
28.7331
28.3611
29.2254
28.7452
29.1161
28.9495
29.0703
29.0365
29.0975
29.1331
28.5653
28.8282
28.9714
28.3972
28.874
28.4719
29.3638
29.0569
28.9633
28.9674
28.9339
28.9906
29.1225
29.0219
28.9245
28.7032
28.5121
28.5829
28.9276
28.94
29.1829
28.7697
29.0888
29.0038
29.0994
29.0626
28.5856
28.9815
28.771
28.5749
28.7745
28.4638
28.891
28.8153
28.8904
29.1379
29.2323
28.5062
28.5589
29.1808
28.7397
28.9981
28.486
28.495
28.9886
29.0976
28.8364
28.7393
28.7132
29.1757
28.9689
28.9345
28.2042
28.8515
29.0193
29.1119
28.6065
29.1047
28.9415
28.886
28.7099
28.9823
29.0068
28.975
29.5845
28.8096
29.1665
29.0429
28.7974
29.137
28.5583
28.9211
29.0654
28.7766
29.004
28.9304
28.9455
29.1191
28.9152
29.0749
29.269
29.0357
29.0026
28.8962
29.129
28.5823
29.38
28.9812
29.0375
29.2686
29.0077
28.8432
28.9043
29.0279
29.0833
28.7579
29.1119
28.721
29.0577
28.8035
28.8054
28.9431
28.7499
28.8001
28.3404
28.7895
28.5206
28.6814
28.6851
28.6823
29.1044
28.915
28.8394
29.1132
28.9288
29.1016
28.7619
28.9611
28.6655
28.7442
28.8318
29.1694
29.0763
28.8478
28.6579
28.9859
28.5912
29.4069
29.1151
29.1392
29.0034
28.9288
29.2624
28.6685
29.1171
28.531
28.6806
28.5273
28.6109
28.6358
28.472
28.8039
28.1391
28.5704
29.1813
28.5555
29.1512
28.6772
28.8057
29.0359
29.1534
29.2903
28.6046
29.1253
29.0787
29.1698
29.0558
28.8702
28.6698
28.7585
28.4973
28.8681
29.1779
28.6889
29.0778
29.056
28.8345
28.9471
28.714
28.8237
28.8161
29.0882
28.5624
29.015
28.8083
28.8949
28.9606
28.5664
28.541
28.848
28.8981
29.0044
28.4762
28.5779
29.0758
28.8605
28.7675
28.6293
29.1462
28.9293
28.8758
28.9963
29.0732
28.6759
29.0658
29.199
28.6768
28.8508
28.7719
28.5208
28.7853
28.5075
29.2158
28.3624
28.7318
29.0293
29.2156
28.9434
28.9219
28.7623
29.0089
28.8532
29.0577
28.9504
28.8969
28.9871
28.768
29.0813
29.0454
29.0825
28.9052
28.7062
28.5042
28.6977
29.1235
29.0081
29.1958
29.059
29.0078
29.3223
28.9473
28.8563
28.9137
29.0172
29.0198
28.5551
28.858
29.048
28.2394
29.0205
28.811
28.8028
28.7926
28.9594
28.8952
28.8856
29.1055
28.8552
29.0019
28.7063
28.1405
29.2521
28.589
28.8201
29.0211
28.6681
29.0791
28.7544
28.9428
28.6403
28.5041
28.7623
28.8674
29.0656
28.8821
28.823
28.7847
28.8821
28.6838
29.2758
28.8545
28.4295
28.7345
28.6581
28.8952
29.2598
28.7672
28.7968
28.696
29.0611
28.8725
29.142
28.9499
28.6636
29.282
29.1968
28.9445
29.2182
29.3269
29.0546
28.1563
28.5496
28.8058
28.9262
28.3741
28.4974
28.6843
29.1839
29.1815
28.9999
28.8959
29.0998
28.7759
29.3098
28.581
29.1123
28.8559
28.5125
28.506
28.8049
29.0866
28.7085
28.6777
28.7368
29.026
28.8503
29.5157
28.8077
29.3482
28.7816
28.6671
29.0011
29.2686
28.9427
28.7609
