12.6612
13.0952
13.4976
13.1594
13.161
12.6615
12.8674
13.1156
12.9827
12.8947
12.7742
12.985
12.7335
12.9223
13.2651
12.6306
12.8713
13.1285
12.8258
12.9683
13.2526
12.7422
13.3228
13.0733
13.198
12.89
13.2283
13.1056
13.0157
13.1147
12.997
12.522
12.7505
13.3037
12.746
12.9804
13.0304
13.0051
12.7148
13.2415
13.1389
12.7861
13.1138
13.2285
13.1199
12.9997
13.295
13.2351
12.4244
13.1171
12.8891
12.9114
12.8818
12.9408
12.9249
13.0374
12.8988
13.3209
12.8308
13.1525
12.7883
13.0344
12.765
12.621
13.1943
12.9618
12.8125
13.0669
13.2535
12.862
13.1013
13.2112
12.8425
12.6016
13.2309
12.9057
12.5636
12.5742
12.8752
13.4203
13.1254
12.9174
12.6846
12.7763
13.1277
12.7947
13.1577
12.9204
13.609
12.8676
12.5009
13.4388
12.7748
13.0965
13.2599
13.2364
13.0387
13.061
12.8463
13.1645
13.0546
12.9294
12.9759
12.7278
12.7983
12.9989
12.7676
12.791
12.7659
12.5505
12.6317
12.8665
12.752
12.9484
12.7584
12.5479
13.0821
12.5387
12.9425
12.8544
13.1695
12.9635
13.2189
12.6969
13.0252
13.2504
13.0005
12.888
12.4993
12.8626
12.7891
12.6241
13.0401
13.0242
13.3792
12.9096
12.441
13.506
12.9321
12.9884
12.9587
13.3457
12.9759
13.0376
12.9907
13.0176
13.2665
13.3093
12.5368
13.1979
12.9665
12.9389
13.0469
12.6854
12.4475
13.1299
13.0005
13.1003
12.9506
12.81
13.06
12.7792
12.9888
12.8337
12.8774
13.1897
12.5065
12.7887
13.1042
12.8287
12.1362
13.1225
12.7048
13.173
12.2131
13.0656
12.5803
12.8501
12.7641
13.1282
12.564
12.9414
12.5642
12.6494
12.6574
12.9304
13.4684
12.5493
12.9918
13.0944
12.5425
12.7103
12.7121
12.9542
12.5771
13.3179
12.6933
12.8397
13.2015
12.9849
12.758
12.7942
12.916
13.1157
13.0102
12.9627
12.8407
12.8928
12.817
13.0214
12.7429
12.5522
13.251
13.0425
12.9437
12.9073
13.0183
13.3131
12.7197
12.7802
12.738
13.0117
12.746
12.9266
12.8
13.0533
12.8128
12.6262
12.9346
13.3517
12.7534
12.6268
12.8334
13.1226
12.9047
13.2346
12.5644
13.0674
13.054
12.9413
13.5844
12.7785
13.2949
12.6836
12.8247
12.7217
13.1029
12.8763
13.1755
12.9509
12.8215
12.9541
13.0328
12.8503
13.1397
13.0108
12.5183
12.9907
13.2988
13.0914
12.624
12.7875
12.742
12.8599
13.1622
12.6715
12.8776
12.7785
12.8104
12.7417
12.9884
12.6341
12.7711
12.851
13.1315
13.0094
12.457
12.8974
12.5285
13.2116
12.9317
12.4322
12.7559
12.8006
12.8587
12.841
13.126
13.2162
12.9984
13.3609
13.2105
12.9918
12.559
13.1635
13.2774
12.8858
12.9684
12.9805
13.2468
12.6682
12.8469
12.8604
12.8425
13.2983
13.1578
12.6194
13.1611
12.4833
13.0029
13.2006
13.1072
12.8902
12.809
13.2535
13.1215
13.1801
12.7327
13.4028
12.7365
12.8074
12.919
12.6427
12.7192
13.0697
12.8159
13.51
12.8795
13.3727
12.7844
12.7684
12.9744
12.9388
12.5467
13.3609
12.9331
13.1317
13.1468
12.9459
12.7765
13.1932
13.4357
12.9189
13.2223
13.1047
12.8013
13.4036
12.5469
12.815
13.2512
13.2507
12.6116
13.2145
12.8755
12.8486
12.5558
13.0456
12.5398
13.1485
12.7626
13.2342
12.7265
12.8882
12.5526
12.8808
13.1222
12.8011
13.6217
12.7868
13.1817
12.7608
13.0849
13.3302
12.9639
13.1051
12.8173
13.0688
12.824
12.9279
12.9558
13.1376
13.1605
12.8988
12.7812
13.1742
13.328
13.1058
12.9391
13.1126
13.0604
13.0517
12.9399
12.7205
12.6078
13.1332
13.0137
13.1588
12.5902
12.1975
13.0354
13.1316
12.7947
13.1533
12.7927
13.266
13.2738
12.8191
12.6122
12.8974
12.9415
12.5662
12.787
12.9108
13.0637
13.0478
12.6915
13.2198
12.4595
12.9113
12.9894
12.9383
13.0328
13.3149
13.0803
13.1603
12.9414
12.7715
13.146
12.9827
12.9079
12.7314
12.8035
12.9063
12.8731
13.0304
12.5966
12.969
13.0957
13.1513
13.0793
12.6835
13.3268
12.9853
12.6922
12.8327
12.4806
12.6994
13.2552
12.7372
12.7415
13.0495
12.819
12.8694
12.842
13.1203
13.269
12.9141
13.1579
13.2382
12.8483
13.1909
13.0866
12.9121
13.0386
12.9386
12.7671
12.9149
13.0978
13.0856
12.697
12.9181
12.9327
13.2491
12.8071
12.9233
12.9621
12.8543
12.7713
13.0333
12.8051
12.962
12.6918
13.1622
13.0828
12.871
12.8341
12.8839
12.8948
12.8858
13.1126
13.1588
12.9322
12.6279
13.2463
12.5946
12.9043
12.9595
12.588
12.979
12.9367
13.4249
13.0229
12.7543
13.104
13.1252
13.1611
12.9865
13.0817
12.8666
12.7359
12.7218
12.6112
12.4863
12.7834
13.0379
12.8601
12.8942
13.2418
13.221
13.0751
12.736
12.6589
12.5957
13.3033
13.3571
13.1053
13.2153
13.0608
13.1714
13.2654
12.8928
12.9997
13.1569
12.8852
13.0806
13.1133
12.4605
12.4404
13.0649
12.9992
12.7552
13.1505
12.7659
13.0471
12.8306
13.0724
12.8027
12.9688
12.6507
12.8023
12.8086
12.9477
12.679
13.0242
12.8564
13.0374
13.265
12.6888
12.7988
12.9989
13.0714
13.4426
12.7527
12.9022
12.7236
12.9018
12.92
12.8947
12.5676
12.9077
12.7118
13.0613
12.4885
12.7409
12.9519
12.7256
12.6061
12.8458
12.6835
12.9879
12.1814
12.8341
12.7708
12.5304
12.5495
12.7294
13.2516
12.5799
12.8528
12.864
12.7568
12.8073
13.1342
13.0017
12.8375
12.5006
13.0946
13.0993
12.8747
13.0387
12.8713
12.99
12.9744
12.6603
13.0543
12.8584
12.842
13.0419
13.1912
12.2664
12.9116
13.1162
12.8022
13.1979
12.849
12.7542
12.7711
12.9399
12.994
13.6173
12.9598
12.9929
12.7924
12.9619
12.8681
12.685
13.2298
12.7862
12.762
12.8278
12.6627
13.2425
12.184
12.8518
13.3609
12.6017
12.3797
12.9391
13.2528
12.693
13.1859
12.7629
13.0218
12.7445
13.1563
12.6583
12.6003
12.9703
12.711
13.0373
12.6588
12.782
12.66
13.0005
13.1334
12.945
12.7062
12.8142
12.8925
12.6398
12.9143
12.8105
13.2826
13.4722
12.9649
12.8173
12.8129
12.7906
12.9063
12.659
12.6345
12.7452
12.9152
12.7773
12.4711
12.778
12.951
12.6184
12.6614
12.6214
13.0705
12.8885
12.6291
12.6708
12.7928
12.299
12.9213
12.6968
13.2533
13.0588
12.8974
12.5216
12.8034
12.859
13.0203
12.4995
12.6411
12.8825
12.8411
12.4746
12.9059
13.5868
13.2651
12.7901
12.6057
12.8846
12.6908
12.6406
12.4056
13.0023
12.8406
13.0228
12.8279
13.1304
12.5791
12.7193
12.8107
12.6042
12.9558
13.0147
12.72
12.6792
12.9298
13.3527
12.5546
12.9329
12.9988
12.7298
12.7436
12.6774
12.7518
12.6384
12.7902
12.8469
12.9256
12.8773
12.5744
12.4197
12.7483
12.9413
12.5618
12.6019
12.6355
12.6705
12.5758
12.7979
13.0813
12.6929
12.7439
12.2914
12.9328
13.1339
12.5477
12.8646
13.3744
12.5671
12.7655
13.0276
12.9522
12.8996
13.0075
12.9915
13.2981
13.0666
12.7088
12.7717
13.0138
13.1147
12.8934
12.8488
12.8686
13.2783
13.2235
12.6188
13.0467
13.5996
12.7669
13.3463
12.9098
13.4017
12.9124
12.9812
13.0886
13.3927
12.9444
13.3736
13.1016
12.837
12.9894
12.9726
12.7045
13.1469
13.0121
13.0088
12.7793
12.7951
13.1877
13.222
13.2252
13.0911
13.235
12.9947
13.4429
13.2096
12.95
12.9538
13.0882
13.1358
12.731
12.8772
13.1608
13.1401
12.8846
13.3088
13.0004
13.1179
12.8926
13.3878
13.0803
13.1276
13.2723
12.8815
13.1977
13.0326
12.8559
12.8508
12.9624
13.0129
13.0204
12.87
13.6893
12.7199
13.1588
12.6324
13.0416
12.6742
13.4986
13.0435
13.0329
12.9732
12.3475
12.7202
13.0527
12.811
13.0614
12.9229
12.975
13.2682
13.3682
13.1216
13.1796
12.8481
13.3934
12.6036
13.1072
12.9664
12.7452
12.6177
12.7404
12.8642
12.9239
12.6326
12.9045
12.5654
12.6764
12.8384
12.7227
12.7789
12.5432
12.9191
13.0864
12.6293
13.1557
12.7945
13.0112
12.8314
12.8782
12.3988
12.8149
12.9125
13.0611
12.8841
12.9648
12.7354
12.7753
12.8776
12.9836
12.8062
12.6627
12.7477
12.8121
12.4515
12.8304
12.8741
13.0567
12.7195
12.6253
12.6333
12.5739
12.8227
12.9607
12.6865
12.6206
12.7693
13.0554
12.8048
12.6942
12.7667
12.8405
12.6612
12.955
12.9539
12.7369
12.7779
12.719
12.8545
12.704
13.2832
12.9086
12.6588
12.8785
12.9456
12.83
12.9607
12.7807
12.6821
12.7253
12.9531
12.767
12.4594
12.5827
12.5981
12.6555
12.5864
12.5805
12.9879
12.8343
12.6272
12.9221
12.9727
12.7056
12.8496
12.8772
12.8159
13.1984
12.4581
12.8053
12.5011
12.9585
12.8834
12.8621
13.3134
12.5416
12.581
13.2386
12.8924
13.0125
13.1132
12.9751
13.1036
12.6323
13.1602
13.1436
13.0425
13.1786
12.5369
13.0719
12.9339
12.6561
12.7321
13.2038
13.0399
12.8788
12.9619
12.7989
13.284
12.7842
13.142
13.009
13.4251
13.1127
13.1622
13.2685
12.9242
13.088
12.9169
12.7787
12.9154
12.8886
13.0461
13.1063
12.7755
12.605
13.2141
13.1456
12.9886
13.0293
12.5776
12.6161
13.0004
13.1654
13.1172
12.7773
13.0651
12.6183
13.2304
13.0632
12.9778
12.9512
13.0418
12.8224
12.8169
13.0348
13.2213
12.6014
13.1661
13.0091
13.2666
12.8934
12.6984
13.0803
12.6416
12.4772
12.842
13.1926
12.6449
12.6633
13.1904
12.8235
12.7647
12.8821
13.2099
12.6624
13.0085
12.7136
12.7696
12.9019
12.3851
12.6357
12.8751
12.7916
12.8263
13.0077
12.7709
12.8581
12.6055
13.2463
13.0928
12.6444
13.1432
13.3129
13.115
12.6463
12.9672
12.3823
12.9893
12.6807
12.7295
12.9625
12.9161
12.8572
12.7185
12.987
13.2095
13.2746
12.586
12.8994
12.7728
12.921
12.9975
12.7652
13.2089
13.347
13.1997
13.0306
12.6585
13.1999
12.4627
12.8995
12.6103
12.4897
12.8834
12.9538
12.7425
12.9021
12.6887
13.0086
12.8383
12.7113
12.9778
12.513
12.8249
12.2595
12.7477
12.9713
12.5671
12.7346
13.1123
12.8654
13.2667
13.0685
12.8454
12.5121
13.0428
13.2889
12.5691
12.6209
12.5109
12.3677
12.7395
12.9974
12.9819
12.1998
12.9665
12.4595
13.0709
12.7234
12.925
12.5577
13.057
13.0689
12.9227
12.9321
12.9266
12.9285
12.7621
12.5503
12.1294
12.6444
12.8154
12.7488
12.6506
12.8364
13.3054
12.256
12.7144
13.0472
12.8265
13.1083
12.8075
12.6166
12.3696
12.8739
12.8378
12.7917
12.8165
12.7025
12.4038
12.4749
12.7607
12.9
12.5601
12.5435
12.8454
12.4767
13.0067
12.9382
13.0083
12.7283
12.8657
12.6356
13.1974
12.7326
12.9033
12.8719
12.7762
12.9858
12.5845
12.3024
12.7784
12.9843
12.7883
12.5856
12.6282
12.5
12.6215
12.7283
12.4654
12.6883
12.7064
12.5444
13.1453
12.7428
12.4565
13.0565
12.3144
12.4721
12.5785
12.929
12.6698
12.7854
12.5657
12.4662
12.6739
12.8918
12.8619
12.6585
12.6478
12.4701
12.9149
12.7161
12.7091
12.7241
12.7933
13.156
12.8191
12.7995
12.634
12.4008
12.984
12.5413
12.7486
13.0073
12.6971
12.9783
13.1731
12.6722
13.2197
13.1139
13.4445
12.8277
12.818
12.861
13.0293
13.0767
13.146
13.2046
12.7382
13.1395
12.8148
13.1344
12.9863
13.1865
13.0738
12.9834
12.6791
13.1951
13.4896
13.111
12.8999
13.206
13.2651
13.2824
12.8718
13.1117
13.1746
13.0038
12.8081
12.9857
13.1083
12.8811
12.9722
12.8818
13.1331
13.0682
12.9964
12.7312
13.2546
13.0388
13.0286
13.0292
12.9663
12.9447
13.3153
12.7397
12.702
12.7616
12.761
12.5801
12.9888
12.784
12.7181
13.2518
13.0285
12.9143
12.6467
13.1683
13.5935
12.6071
12.8313
12.467
13.2141
12.9165
12.6411
12.7322
13.2154
12.7697
12.6924
12.8948
13.0893
13.2804
12.9492
13.0863
12.8739
12.7631
13.18
12.6086
12.9057
12.6439
12.9402
12.9952
12.702
13.0676
12.5761
12.8464
12.6965
12.7712
12.6591
13.444
12.5911
12.7475
12.4817
12.8682
13.0731
12.6876
12.9927
12.9993
12.4064
13.3982
12.921
12.6176
12.9886
12.7884
12.6143
12.7875
12.7376
12.9722
13.0596
12.6759
13.4013
12.8451
12.9958
13.0251
13.0262
12.4578
12.7954
12.8495
12.8874
12.5893
12.7376
12.5495
12.5581
12.6531
12.8009
12.7522
12.0877
12.519
12.4815
12.6932
13.0693
12.3224
12.437
12.9494
12.8439
12.8509
12.6436
12.8034
13.2872
12.6683
12.9653
12.7209
12.7932
13.0196
12.6327
12.9296
12.0604
12.6758
12.9752
12.5828
12.5036
12.8178
12.7511
12.6898
13.0224
12.9198
13.0266
12.9883
12.9217
13.0339
12.8906
12.9005
12.6544
12.6022
12.7355
13.3216
12.7436
12.9433
12.7527
13.1335
12.3827
12.5168
12.5738
13.0142
12.979
12.6163
12.718
12.9268
13.0689
12.4932
13.0907
12.9777
12.8667
13.2291
12.3889
13.0348
12.9952
12.831
12.5792
13.1187
13.3072
12.7645
12.6862
12.7947
12.9971
12.8332
13.0834
12.5629
12.8714
13.1711
13.0148
12.8924
12.7123
12.498
12.9137
12.8749
12.74
12.8601
12.467
12.4394
12.8036
12.8039
12.6428
12.639
12.7717
12.7238
12.486
13.0555
12.5816
12.7391
12.7683
12.5683
12.9535
12.8676
12.7014
12.6571
12.5965
13.2288
13.0062
12.8703
12.5122
13.2772
12.5774
13.0907
12.6122
13.0328
12.7673
12.9004
12.6732
12.5615
12.7254
13.1644
13.0732
12.6661
12.8409
12.8574
12.5648
12.9866
13.0316
12.7354
13.104
12.511
13.1296
13.1003
12.9272
13.0493
13.1748
12.9103
12.722
12.6431
12.7691
13.0955
12.9432
13.2634
13.1956
13.3065
12.9642
12.7449
12.6434
12.9272
13.0924
12.3121
12.9892
12.889
12.5132
12.8619
13.2559
13.0963
12.6003
12.788
12.9399
13.1923
13.0824
13.0941
12.651
12.9783
12.6794
13.0892
13.248
13.2223
12.8345
12.6102
13.2358
12.6346
12.3103
12.9275
13.056
12.5894
12.677
12.9849
12.9774
12.4278
13.0604
13.0412
12.6207
13.269
12.767
12.8324
12.8978
12.9996
12.9902
12.9883
12.7882
12.4932
13.2024
12.838
12.8085
12.8233
13.4774
12.8916
12.8999
13.2198
12.972
13.1307
12.9935
12.8592
12.4945
13.0483
12.5679
12.9313
12.9491
12.7251
12.6918
12.5148
12.6592
12.6046
12.6972
12.6299
12.9385
12.9018
13.061
12.1905
12.7305
12.9266
12.5379
12.7569
12.8206
12.9146
12.4902
12.6429
12.9151
12.7739
13.0392
12.5563
12.3032
12.3228
12.8807
12.9088
12.83
12.5814
12.714
12.5969
12.4091
12.8069
13.0476
12.6567
13.0556
12.7605
12.7134
12.9681
12.8647
12.9074
12.6899
12.7359
12.1698
12.6868
12.334
12.2208
12.7838
12.6393
12.5834
12.3473
12.7872
12.3714
12.0916
12.4937
12.9363
12.8623
12.0592
12.3187
12.427
12.4106
12.8422
13.1813
12.6366
12.4093
13.1067
13.0447
12.5243
12.5021
12.1337
12.6216
12.7306
13.002
12.9447
12.3763
13.2252
12.4531
12.6449
12.5825
12.8523
13.036
12.8474
13.0714
13.2171
13.6713
12.8271
12.6906
12.7901
13.1402
12.9684
12.7176
12.9562
12.893
12.8614
12.9851
12.8374
13.1901
13.0223
13.21
12.9527
12.585
12.9352
13.1029
12.7988
13.5959
13.4334
13.0805
13.2789
12.9511
12.9995
13.2481
12.9569
12.8689
13.1547
13.1943
13.272
12.5315
13.0351
12.7565
13.4447
13.0565
12.9393
12.8441
12.9009
13.0357
12.8152
13.219
13.0579
13.1804
13.2044
12.6374
13.219
13.0178
12.6931
12.6512
12.7654
12.7883
12.7011
13.3283
12.7934
12.7345
12.822
13.0507
12.7412
13.2235
12.7384
13.3316
12.8796
13.1271
12.5254
13.584
12.9554
13.1489
13.2581
12.7048
13.1349
12.9246
12.8385
12.8528
13.1985
12.7646
13.2576
13.2146
13.0406
13.3011
13.2313
13.0907
13.1597
12.947
13.1249
12.9517
13.0924
13.1583
12.7117
13.1519
13.2357
13.1157
13.2233
13.616
13.1139
13.1752
13.2863
13.5398
13.003
13.009
13.2583
12.5555
13.3564
13.3235
13.4221
12.8462
12.9903
12.9365
13.3414
13.4134
13.1931
13.162
13.2288
12.9894
13.1993
12.9818
12.9885
13.0666
13.058
13.0246
13.2208
13.151
13.1721
13.317
13.1038
13.1293
13.1933
13.0606
12.8618
13.1042
12.8921
13.1345
13.5624
13.3594
12.7838
13.1692
12.9445
13.0797
13.3175
13.1068
13.0834
13.3509
12.759
12.9714
13.1615
13.6295
13.0571
13.3436
13.2465
13.4206
13.3278
13.1788
13.7042
13.1163
13.0814
13.1739
13.1817
13.02
13.1895
12.9455
12.8978
12.8755
13.225
13.1378
12.9406
13.1648
12.9666
12.8501
12.7952
13.0373
13.0085
12.8375
12.853
12.9852
12.5979
12.8781
12.9524
12.7452
12.8614
12.9793
12.9111
12.7269
12.5791
13.0365
12.7253
12.7767
12.8725
13.0931
12.8091
13.1603
13.2995
12.884
12.5425
12.9651
12.8781
12.9885
13.1896
12.9283
12.9467
12.6126
12.8161
12.8
12.7151
13.0238
12.8063
12.8095
12.8896
12.9764
12.9279
13.1594
12.6167
12.9599
12.7221
12.5631
12.7683
13.1957
12.9838
12.7729
12.8131
12.6639
13.04
12.5794
12.5576
12.9482
12.7169
12.8738
13.0061
12.9963
12.6411
12.7906
12.9
12.7813
12.3823
12.7005
12.6891
12.9923
13.0274
12.4406
13.2782
12.9914
13.2596
12.8824
12.5369
12.9517
13.036
12.9534
13.2152
12.7765
13.1542
12.91
12.991
13.1951
13.3022
13.0662
12.838
12.9285
13.1044
13.0472
12.8743
13.0093
12.9483
12.8386
12.8353
13.1749
13.5167
13.1425
13.0491
13.182
13.3456
13.2287
12.9398
12.8371
13.1771
13.2178
13.0854
13.2343
12.8185
13.2142
13.0843
12.9682
13.0388
13.345
12.9298
12.9873
12.9415
12.8834
12.9964
12.9119
13.3484
13.1552
12.871
13.0896
12.8319
12.8609
13.1019
13.1898
13.0583
12.8528
12.8429
12.9557
12.8828
12.563
13.2318
12.8006
12.8202
13.1341
12.724
13.1501
13.1187
12.8323
13.148
13.3718
13.299
12.9035
12.7759
12.592
12.7654
12.9129
12.7262
12.5562
12.3974
12.8436
12.555
12.4413
12.8433
13.1005
12.7192
12.6684
12.2446
12.8946
12.7199
12.8866
12.5571
12.7811
13.0412
12.8726
12.5289
12.9207
13.049
12.7388
12.5839
12.6969
12.7732
12.6204
12.4561
13.0479
12.5813
12.8003
12.9461
12.4633
12.6092
13.0568
12.3662
12.9683
12.3382
12.9029
12.4339
12.4572
12.504
12.7402
12.5184
12.9981
12.3556
12.4823
12.7804
12.4632
12.9055
12.6724
12.5917
12.5251
12.6533
13.1854
12.7822
13.0638
12.5714
12.6881
12.3497
12.1657
12.6561
13.067
13.1639
12.6659
12.8409
12.7783
13.1915
12.8071
12.741
12.885
12.7525
12.8014
13.4431
13.4935
12.982
13.2708
12.7765
12.8179
13.199
13.0534
12.6589
12.674
13.4794
13.1289
13.5406
13.5088
13.0727
13.0475
13.5146
12.8957
12.7597
13.1183
13.5237
13.3296
13.2261
13.381
13.4131
12.9902
13.3143
12.7994
13.0472
13.2185
13.2898
13.6279
12.9583
13.1309
12.9925
13.0481
13.1484
13.4036
12.9452
13.2665
13.4682
13.0185
13.0627
13.1502
12.6935
13.2427
12.9148
13.1681
13.4468
12.76
13.0886
13.2486
13.5717
13.1063
13.2859
13.0757
12.9236
13.1673
13.0936
13.0667
12.8979
13.4671
13.3179
13.23
12.9093
12.9822
13.1201
13.0058
13.5502
13.2555
12.904
12.922
13.179
12.9697
13.5018
13.0151
12.6594
12.9255
13.1641
13.0053
12.8707
12.8996
12.707
12.9675
13.1511
12.959
12.8771
12.9729
12.7393
12.9427
13.0332
12.7121
12.5591
12.8083
13.2388
12.7132
12.9784
13.0285
12.6771
13.2001
12.7392
12.8048
13.1271
13.3859
13.2373
12.896
13.28
12.8459
12.6168
13.0208
12.5033
13.0595
13.1961
12.6828
12.452
13.1178
12.9066
12.6552
12.6693
12.7966
12.6045
13.0435
12.8357
13.2849
12.7796
12.9085
12.5982
12.8075
12.7803
12.6042
12.8328
12.6157
12.909
12.8002
12.9174
12.5642
13.163
12.8143
12.5482
13.0959
13.0814
12.9397
12.6165
13.4525
13.0423
13.0008
13.4103
12.7411
12.798
12.9772
13.0872
13.0104
12.8951
12.8358
12.8837
12.6861
12.7773
12.8088
13.1653
13.0411
12.872
12.8276
12.533
13.1572
12.8087
12.7821
13.1455
12.6414
12.8281
13.0249
13.1955
13.1454
12.9576
13.2169
12.6533
12.8631
12.5638
12.9388
12.9393
12.6599
13.0895
12.9362
12.7707
12.5649
12.882
12.9596
13.0292
12.738
12.7515
12.8527
12.586
12.1836
12.8607
12.7329
13.1538
12.6377
12.894
12.6309
13.0355
12.9335
12.7146
13.0415
12.792
13.0415
12.7891
12.7816
13.1685
12.9925
12.982
12.463
12.7926
13.0137
12.4389
13.0971
13.191
13.2209
12.7484
13.2686
12.5709
12.948
13.2448
13.1523
12.5844
12.4073
12.8357
13.1122
13.0445
12.8513
12.8708
12.8144
12.6547
12.9894
13.0684
13.1405
12.797
13.0823
12.7479
12.8677
12.853
12.6306
12.4319
12.8427
13.0989
13.0065
12.9293
12.8494
12.8919
12.7838
13.0036
13.0549
13.1549
12.9185
12.9557
12.9399
12.8358
12.6394
13.0641
12.852
12.6263
12.9806
12.7805
13.1745
12.7788
12.9096
12.7402
12.8461
12.8648
13.0222
12.6845
12.8259
12.7683
12.6945
12.9176
13.1025
13.2044
12.3755
12.5882
12.6009
12.8157
12.9616
12.5623
12.9674
12.7834
13.1987
12.7797
13.0394
12.5792
12.9551
12.7289
12.7401
13.1604
13.3533
12.6381
13.2149
12.9458
12.6896
13.0713
12.9585
13.1701
13.0987
13.1257
12.8209
13.1279
13.0424
12.945
12.9156
13.2588
12.9127
13.2566
13.2942
13.2373
13.207
12.8255
12.8483
13.2237
12.7809
13.1127
13.3412
13.2262
12.8183
12.8291
13.0543
13.313
12.9044
12.9795
13.0951
13.1012
13.001
13.5184
12.8827
13.4534
13.1535
12.8315
12.911
13.1322
13.6814
12.5898
13.3225
12.9658
13.3127
12.8536
13.087
12.9434
13.2869
12.8435
12.7458
12.8948
13.1714
12.8022
12.5569
13.0109
13.0221
13.1735
12.7673
13.0124
13.3518
13.6711
13.0222
12.9006
13.7503
13.2534
12.5999
12.8878
13.0084
13.1685
13.0284
13.5091
13.036
12.8353
12.8708
13.1834
13.0528
12.9152
12.7483
12.4388
13.0565
13.105
12.9828
12.7981
13.0651
12.7082
13.4166
12.84
12.8265
13.0394
13.1912
12.901
13.1053
13.2103
13.1253
12.8776
13.213
12.6837
12.9599
13.2842
13.1658
13.2512
12.833
12.706
13.2804
13.0709
12.7522
13.4481
12.666
12.8967
12.9182
12.9111
12.7462
12.8909
12.7578
13.4103
12.8013
12.7646
12.989
13.076
12.5831
12.6374
13.1309
12.7403
12.7526
13.2077
13.1803
13.2048
13.0384
13.1996
13.04
13.0889
12.7158
12.6861
12.2967
13.2296
12.6318
12.6457
12.6964
13.0024
12.801
12.9777
13.1563
13.2025
13.2788
12.8279
12.7639
12.4971
13.0399
12.9531
13.0641
12.7236
12.7043
13.1274
13.0636
13.0414
12.9938
12.8886
12.7039
12.7731
12.7533
12.7645
12.846
13.0935
12.8247
12.8562
13.0147
13.0098
13.0625
12.911
13.1019
13.0206
12.8975
12.7039
12.7113
12.704
13.0206
12.8773
12.6922
12.9118
12.7255
12.862
12.7934
12.8405
12.7532
12.7494
12.7565
13.2569
13.0586
12.6195
12.842
12.6103
13.3722
12.5128
12.7367
12.6617
13.0314
13.1243
12.6819
12.9568
12.9016
12.9021
12.6117
12.9322
12.6772
13.1276
13.0145
12.4417
12.9213
12.7157
12.812
13.0275
12.7741
12.8788
12.7917
12.8594
12.7379
12.862
12.6069
12.9497
13.1892
12.8497
12.7154
12.763
12.8608
13.1736
12.977
12.7928
12.8832
12.9214
12.8273
12.744
12.9952
12.6255
12.7022
13.1654
12.759
12.9015
12.7592
12.7892
12.6205
12.6115
12.7317
12.6619
13.1023
12.6743
13.1648
12.8397
12.3781
12.8815
12.9005
12.5829
12.5273
12.8536
12.3888
12.8829
12.8271
12.3526
12.9958
12.6906
12.5335
12.8237
12.6999
12.777
12.4514
12.8969
13.1266
12.7751
12.9312
12.4588
13.293
12.6287
12.467
13.0732
13.0348
12.9582
12.7782
12.8054
13.1787
12.517
13.1802
12.786
13.059
13.2099
12.606
12.7099
12.3097
12.6883
12.8163
12.5686
12.9288
13.2808
12.928
13.1425
13.0037
12.7649
12.627
12.8466
13.009
13.1134
12.8662
12.8539
12.6973
12.9075
12.8529
13.0504
12.827
13.031
13.3451
12.4807
12.7506
12.6424
12.7159
12.828
12.7372
12.9751
12.8289
12.7124
12.9119
12.759
12.6831
12.9756
12.9701
12.6001
12.9171
12.8567
12.9141
12.894
12.4825
13.0701
12.8892
12.8496
13.0424
12.6779
13.0145
12.6086
12.4992
12.5491
13.0364
12.6991
12.4468
13.0853
12.8712
12.4333
12.6517
12.8746
12.9989
12.794
12.7009
13.0736
12.4194
12.798
12.8302
13.053
12.9895
13.0938
12.7818
13.2282
12.9811
13.0364
13.243
12.5155
12.8767
12.8377
12.8312
13.0426
12.9141
12.9407
12.9669
12.6325
12.6918
12.4255
13.2727
12.6689
12.8554
13.1718
13.0602
12.8408
13.2536
12.8418
12.448
13.2037
12.8051
12.8177
12.7692
12.8452
12.8299
12.7198
12.7142
13.2718
12.6295
12.6833
12.5077
12.3861
13.0248
12.821
12.7355
12.9633
12.7759
12.4422
12.7247
13.0999
12.7172
12.429
12.8351
13.0762
12.8695
12.6131
12.7776
12.8937
12.9326
12.5023
12.8713
12.7762
12.4851
13.0643
12.9568
12.6022
12.981
12.9875
12.6086
12.5847
12.8264
12.7961
12.9394
12.7641
13.1185
12.5127
12.4688
12.721
13.0717
12.8791
13.142
13.0175
12.7371
12.7182
12.9134
12.7086
12.6509
12.8741
12.9027
12.5345
13.102
12.6072
13.1554
13.0941
12.5856
12.7802
12.8914
12.8632
12.9525
13.0384
12.5849
12.743
12.5226
12.8812
12.7039
12.9951
13.0487
12.6021
12.419
12.9322
13.0909
13.0008
12.8712
12.8157
13.2629
12.8669
12.6745
12.5983
12.7152
13.2268
12.641
12.4093
12.613
12.5707
12.996
12.5448
12.6258
12.966
13.1108
12.6084
12.7077
12.6855
12.8697
12.7905
13.1252
12.878
12.9609
13.0056
12.7644
13.1848
12.9493
13.1614
12.8267
13.0365
12.8913
12.8536
12.9964
12.7003
13.0894
12.8582
12.9179
13.2326
12.9049
12.7847
12.5727
13.0447
12.7325
12.9635
12.9475
12.7829
13.2315
13.1723
12.6353
12.9286
12.8773
12.8251
12.9059
12.7473
12.8886
12.95
13.0246
12.6778
12.729
12.6953
12.2171
12.908
12.4735
12.6355
12.8879
13.076
12.9347
13.336
12.5599
12.7219
12.7988
13.0464
12.8031
12.8696
13.0653
13.3443
12.7218
12.543
12.9644
13.1653
13.2303
12.6707
12.738
13.0752
12.8431
12.5965
13.1955
13.0061
12.7996
13.2909
13.1314
12.8589
12.9973
12.9554
13.0307
13.1354
13.3179
13.1197
13.1852
12.6508
12.3847
13.5223
13.4922
12.8792
13.1799
13.2481
12.977
12.829
12.7196
13.1006
13.1983
13.1055
12.909
12.8687
13.3747
12.7734
13.1439
12.3984
12.9184
12.7327
12.9683
13.1828
12.8363
13.1787
12.6006
13.4057
12.9167
12.6273
12.7078
12.9719
13.0774
13.2182
12.9506
13.2243
13.4202
12.7364
12.9228
12.5459
13.5178
12.8669
12.8561
13.344
12.9169
13.0603
13.2634
13.0041
12.9311
13.0126
13.0593
12.9442
13.3223
12.9828
12.8763
12.9443
12.4941
13.106
13.0267
13.0239
13.1769
13.0958
13.305
12.9859
13.3199
12.9477
13.1001
12.987
13.135
13.0269
12.676
12.5332
13.0269
13.0376
13.003
12.9561
13.0117
12.868
12.6336
13.258
12.6746
13.0563
12.8715
13.32
12.6885
12.9003
12.9801
12.8498
12.8514
12.9384
12.9102
12.8744
12.7973
12.6613
12.8301
13.2035
12.9296
13.1119
12.6313
13.2094
12.7794
12.8552
12.4392
12.8069
12.9485
12.8724
13.1662
12.7652
12.9815
12.9996
13.0342
12.7862
12.5983
13.0493
13.2263
12.9325
13.247
13.307
12.7092
12.952
13.06
13.13
13.006
13.0668
13.2129
12.784
13.2148
13.1296
12.7339
13.0887
12.8838
12.8809
13.1689
12.7567
12.7966
12.8093
12.9
13.0524
12.8489
13.1027
12.9022
13.4129
12.6827
13.0079
12.9418
12.9479
13.1312
13.2319
13.184
12.8179
12.9977
12.8577
12.8092
13.0129
13.0877
12.8458
13.1191
13.1181
12.6839
12.7048
12.9567
12.8807
13.4977
12.8754
12.9236
13.2311
12.5506
13.0898
13.0848
12.8259
13.1054
13.1731
12.8575
12.9216
12.9335
12.9575
12.9144
13.2748
13.2312
13.2582
12.9842
13.197
13.1472
12.8598
13.1765
13.0531
13.2948
12.6697
12.8023
12.9775
12.982
13.0506
13.1341
12.9906
12.6455
12.6288
13.2727
12.8647
13.1628
12.6183
13.1304
12.7773
13.0835
12.7336
12.8443
12.8599
12.6933
13.2004
12.9142
12.615
12.6477
12.9588
13.0468
12.8038
12.719
12.9802
12.5706
12.8
12.6504
12.842
13.014
12.4657
12.9531
12.576
12.8701
12.7314
12.9382
12.7998
12.651
13.1803
13.1465
13.4042
13.206
13.1234
12.988
13.4742
12.9375
13.4202
12.9522
12.8024
13.118
12.9477
12.9351
12.8704
12.9489
13.0061
12.95
13.0279
12.8897
13.1449
12.9483
13.0305
13.1033
12.6771
12.9347
13.258
12.6557
12.7607
12.9642
12.6705
13.0504
12.4211
13.0211
13.0978
12.6743
12.6743
12.7187
12.9393
12.5229
12.7797
13.0008
13.0959
12.6157
12.8825
12.6554
13.1799
12.6549
13.1403
12.8906
13.2459
13.0095
13.1001
12.9012
12.846
13.0108
12.8584
13.3468
12.4727
12.9292
13.0895
12.6599
12.9228
13.4327
13.1499
13.1032
12.9768
12.807
12.852
12.9608
12.8496
12.9094
12.6853
13.0176
12.6104
13.5287
13.1554
13.0089
12.9127
13.002
13.2573
12.9445
12.7161
12.8219
12.8127
13.4129
13.0128
12.9946
13.0116
12.7729
13.032
13.1429
12.748
12.8359
12.8704
12.6054
13.0588
12.9617
12.9242
12.9988
12.8449
12.9726
12.7534
13.113
12.8001
13.1128
12.9128
12.8609
13.015
13.0453
13.2216
12.7388
13.2515
12.9708
12.7693
12.9981
13.0854
13.0426
13.102
12.6913
13.2445
13.3188
13.2342
12.8565
13.1556
12.3271
12.9594
12.5464
12.8659
13.4263
13.2185
12.7947
13.2092
12.98
13.1344
12.9436
12.5251
12.8254
13.0979
12.9918
13.1429
12.6067
12.53
12.9376
12.8741
12.7013
12.9738
13.0141
13.046
12.5467
12.6182
12.7975
12.7068
12.7714
12.7112
13.0326
12.8599
12.7472
12.7464
12.7451
12.7995
13.0105
12.5504
12.939
12.7718
12.8294
13.1957
13.0964
12.7591
12.5903
13.12
12.7221
12.7521
12.437
13.1772
12.8981
12.9008
12.7291
12.9379
13.1519
12.8975
12.7429
12.885
13.0326
12.6439
12.6816
12.8759
12.543
12.9764
12.7247
12.9452
12.9182
12.9487
12.6547
12.5186
12.9246
12.716
12.9297
12.4969
12.6505
12.6264
12.7536
12.574
12.5695
12.7338
12.3944
12.6213
12.9847
12.551
12.296
12.617
12.9024
12.5527
12.6402
12.2634
12.9341
12.7215
12.5858
12.8808
12.5778
12.6718
12.8221
12.5836
12.5671
12.4881
12.9645
12.513
13.0401
13.0093
12.7796
12.8347
13.111
12.6903
12.6191
12.8608
12.6455
13.0333
12.885
12.8706
12.4055
13.1097
12.7471
13.0186
12.7297
12.9478
12.8289
13.232
12.7322
13.3226
12.965
13.0951
12.9792
12.8778
12.8294
12.7177
12.4076
13.357
12.799
12.8496
12.6757
12.7238
12.6746
12.7754
12.9731
12.8245
13.1024
12.6544
12.7701
12.9351
12.9012
12.9245
13.0902
13.0126
12.8797
13.1598
12.273
12.9587
12.6834
12.6943
13.3639
12.7903
12.5483
12.4872
12.6358
13.0014
13.0988
12.481
12.7131
13.1257
12.7495
12.6636
13.1686
12.6491
13.2731
12.857
12.8576
12.88
12.9488
12.9214
13.0549
13.3471
13.1743
13.0351
13.1014
12.9698
13.1214
13.4335
13.1136
13.3961
13.1849
12.8444
12.9666
12.9094
12.9045
13.391
12.9231
12.6317
12.9224
13.0336
12.7547
13.0887
12.9243
13.076
12.9019
13.0298
13.0787
12.9819
13.2059
12.7938
13.055
12.7898
12.941
12.874
13.4995
13.0774
13.2369
12.8981
12.9179
12.9873
13.0103
12.858
12.9839
12.9231
13.2782
12.655
13.1968
12.9354
12.8391
13.4932
12.8867
13.1255
13.2562
12.8794
12.9215
12.8288
12.966
12.8432
12.9864
12.6962
12.9449
12.7689
12.9313
12.7419
12.7531
13.051
12.9256
12.9698
12.9514
12.7835
12.7458
12.8798
12.8407
13.2013
12.9149
12.6875
12.7886
13.0718
12.8098
12.8513
12.9222
13.01
12.8243
13.0656
13.2335
12.8938
12.4874
12.8932
13.3039
12.9258
13.0296
12.8297
12.7878
12.5999
13.2796
12.9652
12.8194
13.0298
13.0017
12.87
12.8979
12.5068
12.9483
13.5827
13.1966
12.8697
13.014
12.9392
12.8803
13.0934
13.2802
13.0739
13.1027
13.1118
12.7461
12.5834
13.2173
12.6701
13.0556
13.0773
13.2371
13.1792
13.1231
12.9878
12.9828
12.9429
12.6519
12.9008
12.9483
13.115
12.7661
12.7416
13.2521
12.8628
13.04
13.1028
12.9876
12.9774
12.8778
13.307
12.8631
13.0659
13.1334
13.227
12.7327
13.1773
13.0851
13.2993
12.8541
12.9466
12.8708
13.2217
12.6071
13.4447
12.7499
12.8152
12.8852
13.2298
13.431
13.1702
12.7438
12.928
12.7078
12.6436
12.7471
12.9101
13.1575
12.7212
13.2818
13.1392
12.7214
12.9363
13.0448
12.8886
13.0041
12.4583
12.7415
12.7305
13.0447
12.5
12.931
13.1633
13.1107
12.5083
13.4381
12.6568
12.9549
12.9111
12.9767
13.3547
13.0136
13.1653
12.8596
13.0008
13.286
13.0242
12.9845
13.0048
12.9551
12.9417
12.8433
12.9059
13.0485
12.9598
12.7374
12.6193
13.0337
12.915
13.4361
13.234
13.0276
12.8636
13.6732
13.0107
13.1099
13.4978
12.7169
13.5065
13.0528
13.1489
12.6684
12.616
13.0027
12.889
13.0856
13.444
12.9314
13.0576
13.1411
13.2314
12.686
13.0656
13.2316
13.0473
12.7422
12.644
12.6966
12.9123
13.2875
12.9322
13.4265
13.1817
12.9922
12.8226
13.0209
13.063
12.7881
12.7174
13.0604
13.2302
13.0302
12.823
13.0786
13.2971
13.3101
12.8222
13.2814
13.1463
13.1872
13.2443
13.4265
12.9841
13.0896
13.1547
12.7084
12.5215
13.0092
12.8999
13.0443
12.881
12.7855
12.8851
12.9925
12.7116
12.8813
12.818
12.7189
13.1896
12.657
13.0727
12.4093
12.8151
12.7345
12.921
12.9045
13.0318
12.8246
12.6389
12.6556
12.7744
12.9491
12.9104
12.7502
13.0306
12.5021
13.231
12.6198
12.6116
13.018
13.1093
13.0771
12.3772
12.9537
12.9286
12.683
12.9223
13.4449
12.9767
12.7294
13.3139
12.928
12.891
12.9254
12.5542
12.9198
13.247
12.9654
12.8493
13.107
12.938
12.9833
12.9433
12.986
13.1793
12.7738
12.839
12.6793
12.9161
12.9705
13.0037
13.0781
12.682
13.2466
12.8972
12.9717
12.5581
12.6099
12.7442
12.3223
12.6226
12.6326
12.4951
12.5582
12.6798
13.3967
12.9632
12.5206
12.6831
13.1745
12.6607
12.7082
12.6466
13.1523
12.8619
12.841
12.9993
12.8885
13.0878
13.3988
12.7793
12.8449
12.958
13.293
12.9105
12.9874
13.2736
12.6254
12.942
12.8418
13.1574
13.0023
12.8579
13.0081
12.9448
12.3726
12.8097
12.7702
12.6702
12.5655
12.8829
13.0943
12.9618
12.6886
12.9214
12.7049
12.5373
12.6755
13.0092
12.6712
12.6474
12.6202
12.7219
12.9093
13.0101
12.7296
12.9628
13.0565
12.6092
12.629
12.6958
13.2406
12.9151
12.9428
13.323
12.9324
12.8216
13.3369
12.9878
13.095
13.0046
12.812
12.9746
13.2367
13.031
13.0337
13.1088
13.279
13.0207
12.8228
13.2701
12.8258
13.5129
12.9629
13.0842
12.7409
12.8161
12.9448
13.0276
12.7597
13.3277
12.7379
12.9881
12.9886
13.0022
13.4651
13.0962
12.7681
12.7306
13.0313
13.1341
12.861
12.9302
12.8569
12.6408
13.053
13.1134
13.0697
13.3774
12.9827
12.7533
12.9606
13.0446
13.0989
12.9234
13.1518
12.98
13.4733
13.2281
13.3119
13.0879
12.7357
12.4674
12.8346
13.004
12.9607
12.9358
13.1091
12.9173
12.6366
13.0357
12.9296
12.74
12.636
12.6336
13
13.1592
12.6794
12.828
12.9441
13.4793
13.1103
13.0373
12.8744
12.6817
13.2585
12.9028
12.91
13.1822
12.7323
12.7949
12.815
12.8437
13.134
13.1671
13.2678
12.9375
12.9129
12.9234
13.2361
13.3614
13.0454
13.1252
13.1842
12.9004
13.3969
13.2318
12.7218
12.9986
13.1529
12.8953
13.2226
12.8212
12.8562
12.6071
12.7153
12.9738
12.7912
12.7185
12.6737
12.8278
12.8995
12.866
12.7496
12.8391
12.3473
13.1563
12.7387
12.9536
12.5754
12.3412
12.9562
12.8364
12.8396
12.8837
13.0284
13.1649
12.7635
12.9169
12.7294
13.0923
13.0859
13.1178
12.8014
13.2477
13.0063
13.0806
13.0722
13.0662
12.8023
13.006
13.1902
13.449
12.9821
13.1821
13.0986
12.9206
13.0766
13.0721
12.9822
13.1946
13.3135
12.9557
13.0356
12.7171
13.2534
12.8056
13.0251
12.8344
12.7983
13.3471
13.1753
12.606
13.0488
13.5654
13.3727
12.4471
13.0519
12.595
12.9037
13.0283
13.2786
13.0747
13.26
13.0633
13.1554
13.1924
13.428
12.9108
13.2917
13.2576
13.0244
12.9902
12.767
12.7524
12.9543
12.9176
12.9981
12.7458
12.7116
12.7578
12.7464
12.7444
12.77
12.761
12.741
12.8302
12.5387
13.044
12.9721
13.0626
12.6425
12.8149
13.0703
12.4872
12.5957
13.1202
13.0608
13.1114
13.1092
12.9404
12.8406
12.9496
12.678
13.0575
12.4289
12.8521
12.9816
12.4158
13.0105
12.6169
13.1016
12.646
13.1339
12.7286
13.2465
12.7907
12.6217
12.7801
13.0283
12.9816
12.5111
13.1407
12.5839
12.7663
12.7109
12.7462
12.6535
12.8307
12.6337
12.9648
12.2547
12.5877
12.9243
12.4817
13.2071
12.6303
12.7322
12.7655
12.6611
12.6121
12.4765
12.5518
12.5722
12.8383
12.6438
12.8798
13.0202
13.1025
12.9623
13.0485
13.0217
12.6859
12.6917
12.9295
13.1123
12.4306
12.9639
12.6125
12.961
13.1419
13.1318
13.0578
12.9894
12.9548
13.1724
12.8082
12.7379
13.1879
12.9791
12.915
12.9751
12.9708
13.0498
13.1176
13.0452
13.2296
13.1633
13.167
12.9181
13.174
13.1004
12.7939
13.2695
12.9846
13.3028
12.4881
12.7894
12.2049
13.0248
12.6628
12.9863
12.9476
12.922
13.4693
13.1219
13.1035
12.8703
12.7024
13.295
12.8178
13.2022
12.8942
12.9169
12.7594
13.0088
12.7022
12.9362
12.9338
13.0142
12.771
13.1965
12.8179
12.6037
13.0804
12.8262
13.0369
12.8784
13.0163
12.923
12.9158
13.0089
12.9971
12.7326
12.6567
12.8725
13.0225
12.7175
12.7753
13.0133
12.881
12.6576
12.8988
12.8337
12.2421
13.1717
12.9241
12.5505
12.7489
12.6697
12.8659
12.9679
12.8087
12.5553
13.21
12.9154
12.731
13.05
13.027
12.9601
13.3131
12.9785
12.9702
13.2207
13.0142
12.9544
12.7861
12.7778
12.7335
12.8114
12.9565
13.0118
12.5373
12.6929
12.82
12.6806
12.8578
12.8443
12.8445
12.6312
12.7786
13.0846
12.6702
12.9572
13.2917
12.9642
12.6033
13.412
13.3202
12.651
13.1756
12.8842
12.8123
12.913
12.6574
12.9588
12.5927
12.8267
12.7926
12.866
12.8818
12.7145
12.9373
13.2539
13.0052
12.6114
12.8906
13.0538
13.0887
12.5916
13.1958
13.1828
13.2141
13.0158
12.9952
12.7962
13.0736
13.0093
12.5733
13.2761
13.0231
12.845
12.9708
13.0142
13.0139
13.0594
13.0251
13.0277
12.4603
13.0379
12.6904
12.5523
12.4932
12.7485
12.6633
13.0819
12.8963
12.6393
12.7514
12.9874
12.8185
12.7193
12.6827
12.2731
12.7096
13.1426
12.4158
12.9378
12.6633
12.6423
12.8584
12.5209
12.8547
13.1237
12.8644
13.0762
12.6279
12.7506
12.7882
13.0024
12.8484
12.8584
13.1765
12.7737
12.9592
12.9757
13.2759
12.9556
12.6396
12.6814
13.0565
12.9227
12.8691
12.7672
12.7972
12.7333
12.7853
12.2959
12.1541
12.8584
12.5421
13.1476
13.0944
12.683
12.5727
13.0666
12.8966
12.7144
13.1454
12.8272
13.2855
12.9368
12.7585
12.7386
12.7984
13.2874
12.9703
12.824
12.8676
13.1293
12.5548
12.7305
12.5006
13.008
13.2017
12.8873
13.0308
12.7005
12.7646
12.7862
12.5818
12.9774
12.5484
12.7333
12.6604
13.0267
13.1621
12.8105
12.5312
12.9426
13.0474
13.0148
12.628
13.0866
12.9533
12.8243
12.8365
13.0826
12.5791
13.1865
13.0591
12.688
12.6024
12.7926
13.1948
12.8339
13.1314
12.7298
13.3593
12.7334
12.9936
12.5941
12.6051
13.0715
12.429
13.2586
12.5462
12.5865
12.5814
12.8604
12.9774
12.8317
12.7877
12.259
12.7083
12.851
12.6038
12.8277
12.8104
12.8627
12.5281
12.8847
13.1137
12.7316
13.1839
13.0381
12.8822
12.8676
12.9083
12.8349
12.7345
13.0991
12.8069
12.8074
12.8479
12.3849
12.6493
12.5656
13.1743
12.6061
12.6588
12.9419
12.9389
12.6768
12.6256
12.8746
12.6929
12.6275
13.1231
12.6993
13.0532
12.656
12.7602
12.6742
12.7535
12.8402
13.0055
12.8381
12.9128
12.5053
13.2453
13.0836
12.8252
12.8098
12.6533
12.732
12.8345
12.9678
13.0026
12.7717
12.6565
12.9552
12.7762
12.5498
12.8687
12.9216
12.6399
12.7342
12.7298
12.8569
12.6331
12.7515
12.9741
12.4806
12.7384
12.486
12.8729
12.793
13.181
12.9291
12.9797
12.8945
13.1654
12.7321
12.6339
12.762
12.6197
12.4752
12.6139
12.8238
12.3864
13.1579
12.6678
12.7453
12.3252
12.6903
12.7958
13.0869
12.789
12.5294
12.6979
12.8882
12.6881
12.4221
12.8288
12.7937
12.6107
12.7584
13.2015
12.9812
13.2149
12.8765
12.6783
12.8118
12.7858
12.8294
13.0008
12.6403
12.4828
12.9915
12.9238
13.1324
12.9943
13.1421
12.7174
12.8362
12.9311
12.9304
12.8761
12.9945
12.6298
12.8714
12.5915
12.7306
13.0908
12.5795
13.1084
12.9488
12.9014
12.7479
13.0802
12.6311
12.8577
12.9995
12.8604
12.6695
12.5536
12.5345
12.807
12.8113
12.8484
12.923
12.9592
12.8193
12.7834
13.3116
12.9035
12.8684
12.7256
12.8752
12.4873
12.4422
12.5297
13.0561
12.8431
12.5814
12.7303
12.8821
13.1918
12.7874
12.7402
12.7281
12.823
12.7579
12.5998
12.6862
12.8598
12.9257
12.8794
13.1803
12.7411
12.7727
13.4019
13.3552
12.7047
12.943
12.8204
12.9298
13.0704
12.7883
12.3261
13.1667
12.6093
12.8297
13.3003
12.749
12.9918
13.2141
13.3308
12.9577
12.9634
12.983
12.7055
13.3635
12.7028
13.2388
12.8656
12.9258
12.3549
12.4257
13.2622
12.9214
13.0012
12.3594
13.1851
12.692
12.2465
12.8539
13.0225
13.1189
12.8225
12.823
12.7363
13.0505
13.0562
13.1738
12.4344
12.8815
12.5028
12.9769
13.007
12.7412
12.4697
12.7145
12.4141
12.6164
12.8883
12.5703
12.8262
12.8316
12.9501
12.7463
12.6019
12.5248
12.6943
12.4804
12.9169
13.1464
12.4392
12.879
13.2287
12.5665
12.6814
12.8409
12.84
12.868
13.0219
12.5531
12.6436
12.6637
13.2072
13.1527
12.8538
13.1863
13.1395
13.1301
12.8515
12.9676
12.5468
13.061
12.9002
12.4482
13.4483
12.9348
13.0195
13.4598
12.7073
12.8741
12.8725
12.9292
13.1822
12.4165
12.948
13.1224
12.9836
12.2956
13.0645
12.6423
12.8341
13.2559
12.6743
12.6674
12.8343
12.8006
13.4043
12.6064
13.0474
13.0067
13.0516
13.4171
13.1418
12.9382
13.0975
13.2266
12.9992
12.6226
12.4892
13.2162
13.001
12.7914
12.4967
13.14
13.1405
13.0241
12.966
12.8825
13.2768
12.9818
12.7974
12.719
13.1098
13.3066
13.2948
13.3539
13.2209
13.0494
13.1482
12.5826
12.8408
12.3986
13.2275
13.2532
12.2395
12.5692
12.9133
12.7805
12.8872
12.6892
12.9228
12.5815
12.7939
12.6951
12.6115
12.8935
12.9067
12.9886
12.4459
12.7503
12.9626
12.4603
13.0587
12.8313
12.4883
12.7229
12.5071
12.9226
12.9075
12.8272
12.8986
12.8583
12.8033
12.8058
13.1019
12.6215
13.0262
13.0683
12.8891
12.578
13.0761
12.7984
12.6234
13.2305
12.6064
12.4136
12.3633
12.6931
12.9169
12.5925
12.7779
12.6672
12.8559
12.5593
12.8569
13.0721
12.729
12.8036
12.5451
12.6536
13.0522
12.5017
12.7606
12.9986
12.7684
12.8574
13.346
12.9741
12.7874
12.9366
12.8182
12.8172
13.1906
12.8281
12.5187
13.0394
13.396
13.201
12.7705
13.1846
12.9776
13.0487
12.9151
13.0044
12.7847
13.1309
12.9818
13.0346
13.1534
13.0224
13.5204
13.2839
13.1699
13.1211
13.4965
13.4247
13.0821
13.275
13.1252
12.8023
12.3373
12.9125
13.0627
12.7543
13.2229
12.9944
12.8186
13.024
13.3274
12.9213
13.1515
12.9138
12.9813
12.8099
12.8935
12.9214
13.074
12.7524
12.9748
12.6233
12.9281
12.7554
12.8413
12.8018
12.9119
12.8244
12.7999
12.8676
12.9441
12.77
12.895
12.6281
12.8236
12.7824
12.7194
12.8229
12.7955
12.7975
12.5842
12.8349
13.1132
12.9769
13.1031
12.5447
12.9636
12.8944
13.0361
12.9739
12.9175
12.8757
13.201
12.8537
12.8585
12.9598
13.0799
12.9706
13.15
13.1141
12.8898
13.036
12.9477
13.0212
12.6603
13.1362
12.911
12.7262
12.5311
12.7006
13.0192
12.8047
12.8737
12.9124
12.7803
12.6536
12.5268
12.9496
12.8256
13.1026
12.9838
13.0545
12.9455
12.9443
12.8228
12.5842
12.9645
12.7961
13.16
12.6397
12.8743
12.6999
12.7083
12.785
12.9318
13.0304
12.6469
12.8229
12.8949
12.9497
12.5872
13.0502
13.1749
13.1339
13.1342
13.2163
12.8601
12.7828
13.3067
13.133
13.2707
12.9034
13.2888
13.0217
12.8796
12.5545
13.103
12.9513
12.9758
12.458
12.9828
12.9284
12.9684
12.3401
12.8006
12.703
12.8734
12.8403
13.0723
12.8831
13.1672
12.9452
12.8441
13.0122
12.9942
12.6997
12.569
13.0675
12.6801
13.2443
13.1746
13.1066
13.224
12.6989
13.2145
12.7518
13.2705
13.1397
13.3964
13.0445
13.0742
12.5546
12.836
13.1544
