18.6856
18.1517
18.3821
18.3986
18.3037
18.516
18.5059
18.2483
18.7364
18.3001
18.7694
18.5806
18.5328
18.6225
18.2523
18.3672
18.466
18.5982
18.4191
18.1345
18.3347
18.6818
17.7896
18.1958
18.5502
18.5192
18.4947
17.98
18.8012
18.7435
18.2164
18.3644
18.0916
18.8213
18.8003
18.5848
18.8341
18.4874
18.3252
18.4263
18.1585
18.8141
18.2903
18.5196
18.2667
18.5466
18.4916
18.5294
18.6749
18.4164
18.3352
18.3824
18.4358
18.4578
18.6257
18.4203
18.6947
18.637
18.5464
18.7525
18.1895
18.9166
18.7442
18.5442
18.5299
18.8706
18.5204
18.1893
18.3912
18.2458
18.3406
18.5068
18.2035
18.3487
18.2291
18.3915
18.8983
18.2413
18.2836
18.54
18.2231
18.6816
18.506
18.4855
18.6445
18.4847
18.932
18.7343
18.2693
18.5284
18.7847
18.7072
18.6701
18.4821
18.2469
18.6585
18.7171
18.7456
18.3299
18.5693
18.2904
18.5171
18.3359
18.3459
18.2991
18.3271
18.0731
18.0736
18.3957
18.7995
18.3998
18.1856
18.0073
18.4281
18.364
18.0355
18.4064
18.1632
17.9534
18.4819
17.9781
18.2728
18.4821
17.9021
18.3428
18.4018
18.1797
18.4986
18.3336
18.4173
18.3064
18.3653
18.4643
17.9957
18.2485
18.6411
18.1014
17.8939
18.0582
18.0192
18.5008
18.0679
18.575
18.2422
18.1824
18.1412
18.1835
18.2837
18.3321
18.1505
18.2266
18.1146
18.6089
17.8729
18.4763
18.3321
18.8674
18.4748
18.3292
18.2203
18.0474
18.2619
17.9852
18.1411
18.274
17.9954
18.5104
18.1329
18.1034
18.1484
18.221
18.3001
18.3454
18.0179
18.6078
17.8735
18.4015
18.1388
18.4798
18.1693
18.306
17.9205
18.2881
18.3707
18.2508
18.0507
18.286
18.2982
18.2369
18.4982
18.4204
18.0935
18.6036
18.3548
18.295
18.682
18.1691
18.0474
18.5217
18.0847
18.3536
18.314
18.0014
18.1855
18.1261
17.6567
18.145
18.2507
18.1524
17.8956
18.0496
17.9494
17.8118
18.1903
17.9109
18.2198
18.3299
17.9313
17.9926
17.9657
17.6818
18.0243
18.1125
18.1474
17.8682
17.7494
18.2705
18.1083
18.0656
18.3399
17.7958
18.376
18.338
18.0818
18.3046
18.63
18.1593
18.4538
17.9405
18.0935
18.1386
18.4698
17.8785
18.1741
18.184
17.9512
18.1655
17.9902
18.1628
18.1957
18.6148
18.2605
18.2568
18.2052
18.1612
17.8159
17.8103
18.2774
18.195
18.3506
17.6428
17.9762
17.9495
18.1862
17.9733
17.8174
18.429
18.4314
18.2978
18.1194
18.3085
18.1527
17.9888
18.4564
17.925
18.0992
17.6434
18.3593
18.0892
17.573
17.8993
18.365
18.3079
18.0913
18.0577
18.1434
18.5352
18.2824
18.4204
18.0965
17.879
18.1419
18.327
17.8064
18.177
18.3929
17.9758
18.1559
18.7389
18.2803
18.3804
18.2726
18.1162
17.9692
17.9752
18.3043
18.4492
18.2833
18.1392
18.2078
18.329
18.1734
18.337
17.9429
18.4725
18.2965
18.2498
18.4746
18.2642
18.6182
18.2854
17.8767
18.265
18.3036
17.9079
18.6616
18.2479
18.4205
18.608
17.9967
18.0766
18.3651
18.1835
18.2667
18.1618
18.4941
18.1693
17.953
18.3
17.961
18.2376
18.2487
18.0894
17.9477
18.1901
18.4268
18.5995
18.3374
18.1244
17.8615
18.45
18.1082
18.5239
18.1404
18.6066
18.0465
17.7815
18.2453
18.3456
17.8863
18.1529
18.1869
18.3387
18.5419
18.1865
18.261
18.1599
18.2808
18.4027
18.0892
18.0161
18.4941
18.1937
18.2366
18.1938
18.0288
18.3925
18.487
18.3925
18.3573
18.5643
18.6131
18.5367
18.1848
18.444
18.3806
18.4442
18.4399
18.0941
18.3005
18.2595
18.2291
18.5956
18.0491
18.4867
18.4535
18.3686
18.1944
18.5457
17.8723
17.914
18.2083
18.1343
18.2958
18.4654
18.2673
18.1057
18.2447
18.3718
18.2088
18.6174
18.2773
18.1643
18.4969
18.1685
18.266
18.3942
18.5011
18.1832
18.2339
18.3282
18.1972
18.5984
18.7553
18.1362
18.3375
18.0139
18.2662
18.7439
18.0579
18.2885
18.3107
18.405
18.6541
17.9825
18.1441
18.3276
18.2375
18.2322
18.25
18.5132
18.2208
18.4253
18.4022
18.2224
18.6838
18.5342
17.8839
18.504
18.596
18.3345
18.3187
18.5395
18.1677
18.2405
18.1771
18.9749
18.5037
18.2658
18.6146
18.3011
18.0079
18.0057
17.9556
18.3161
18.1733
18.4389
18.5503
18.2583
18.2419
18.3664
17.8602
18.3909
18.2211
18.4497
18.1013
18.751
18.3578
18.4396
18.6763
18.3471
18.5655
18.7533
18.2423
17.8554
17.9952
18.6163
18.1817
18.4022
18.1938
18.0668
18.4205
18.4317
18.3891
18.3558
18.2374
18.1151
18.345
18.7684
18.3111
18.19
18.4478
18.1036
18.5108
18.4972
18.7117
18.289
18.155
18.3143
17.9567
18.1843
18.2992
18.0333
18.2553
18.0507
18.1313
18.1112
18.6265
18.2978
18.4453
18.4054
17.9897
18.8575
18.5352
18.3254
18.137
17.8473
18.4861
18.3506
18.2871
17.9813
18.3181
18.2446
17.8112
18.1952
18.2895
18.0755
17.9639
18.3863
18.3133
18.1168
18.0034
18.3495
18.5469
17.9412
18.1823
17.8954
18.2577
18.4003
18.6228
18.2681
18.5995
18.3489
18.155
18.082
18.2777
18.0414
18.0162
18.3373
18.4863
18.406
18.2398
18.3285
17.9103
18.3614
18.284
18.6742
18.3829
18.5555
18.5216
18.1932
18.4546
18.2339
18.6961
17.9782
18.5314
18.3156
18.2997
17.9129
18.3229
18.037
18.4681
18.3335
18.4216
18.5678
18.074
18.1345
18.3365
18.1821
18.3063
18.4215
18.4941
18.686
18.643
18.5964
18.1195
18.6357
18.4132
17.9407
18.2594
17.9899
18.7255
17.986
18.3141
18.5952
18.0992
18.076
18.5224
18.1867
18.3419
18.2199
18.3391
17.8869
18.3977
18.1819
18.638
17.6855
18.4402
17.875
18.1759
18.5681
18.3837
18.2791
18.1595
18.0524
17.8713
18.2281
18.0419
18.6639
18.3353
18.0419
18.3428
18.3652
17.9299
18.2454
18.4557
17.8353
18.0202
18.2486
18.1636
18.3446
18.3879
17.9054
18.5105
17.9252
18.4033
18.3435
18.4175
18.3848
18.2973
18.1361
18.3425
18.2694
18.4728
18.1465
18.2712
18.0425
18.358
18.3992
18.5268
18.426
18.5326
17.9522
18.2003
18.3695
17.9901
18.3294
17.7399
18.2981
18.0086
18.3401
18.4132
18.3386
18.5893
17.9135
18.2569
18.2795
18.3194
18.0901
18.3802
18.2682
18.5426
18.1457
18.1396
17.9084
18.2702
18.6073
18.1081
18.3945
18.1804
18.1241
17.995
17.9485
18.4222
18.2137
18.3293
18.3125
18.3465
18.0382
18.7356
18.2312
18.0813
18.3058
17.7064
18.1016
18.4302
18.3127
18.1973
18.1294
18.5392
18.1227
18.6556
18.1536
18.091
18.148
18.2555
18.3425
18.3849
18.0232
18.2362
18.9748
18.6322
18.3762
18.4957
18.5587
18.2167
18.3778
18.4537
18.3734
18.0583
18.3648
18.5432
18.2999
18.2411
17.951
18.2417
18.3818
18.3258
18.3724
17.8587
18.2781
18.5401
18.1078
18.0983
18.6333
18.0461
18.6272
18.0631
18.2236
17.7728
17.8742
18.508
18.2559
18.2972
18.3085
17.952
18.0713
18.0816
18.2803
18.4199
18.473
18.3278
18.2077
18.3994
18.2564
18.2344
18.1981
18.5282
18.2085
18.3089
17.8388
18.1035
18.4152
18.152
17.9111
18.4808
18.1412
18.3287
18.0199
18.6108
18.3808
18.1137
18.3368
17.9185
18.4341
17.9199
17.9284
18.1903
17.9739
17.9194
18.7069
18.2878
17.8309
18.2593
17.9936
17.923
18.2119
18.1232
18.2317
17.7417
18.5306
18.3684
18.4268
18.2302
18.2159
18.1827
18.2347
18.3223
18.1739
18.3499
18.3246
18.4056
18.2678
18.3738
18.1
18.3751
18.2323
18.1912
18.1846
18.3423
18.5762
18.0206
18.0507
18.0429
18.433
17.9631
18.3902
18.0483
17.8244
18.3434
18.4322
18.3032
18.1522
17.9415
18.1591
18.2293
18.3568
17.891
18.4332
18.2855
18.5665
18.0853
18.5758
17.9638
18.2261
18.1123
18.3899
18.5
18.1337
18.5508
18.1689
18.2588
18.8383
18.1665
18.2681
18.3416
18.5267
19.0652
18.1027
18.2875
18.4852
18.603
18.4815
18.3749
18.3021
18.2346
18.7627
18.2765
18.1529
18.5592
18.187
18.1241
18.3103
18.3845
18.2508
18.452
18.226
18.2973
17.9745
18.2031
17.7541
18.1283
18.3735
18.7053
18.4933
18.2144
18.4964
18.7664
18.7808
18.1906
18.349
18.3278
18.7143
18.8108
18.3017
18.1655
18.2252
18.7464
18.0854
18.5656
18.8857
18.658
18.569
18.2984
18.5885
18.717
18.2541
18.5277
18.6183
18.1539
18.4695
18.6732
18.3497
18.065
18.1616
18.4975
18.6747
18.4151
18.3345
18.1641
18.2251
18.5398
18.6098
17.9082
18.7044
18.3863
18.1902
18.4622
18.3782
17.9514
18.1214
18.5889
18.4638
18.6893
18.2934
18.1972
18.5781
18.8573
18.1398
18.4362
18.3402
18.7627
18.7339
18.2962
18.4782
18.2457
18.2947
17.9031
18.6286
17.9992
18.0246
18.0533
18.2784
18.3311
18.1752
18.4726
18.6061
18.2013
18.1313
18.4298
17.894
18.0856
18.225
18.4757
18.13
18.0083
18.2599
17.8957
18.5293
18.1289
18.1922
18.1293
18.0738
18.0616
18.2108
18.2908
18.1024
18.5929
17.8552
18.6386
18.4578
17.8483
18.2607
18.4051
18.1444
17.9569
18.1252
18.4638
18.0411
18.0876
18.2523
18.3825
18.3032
18.6584
18.5974
18.4953
17.5909
17.8313
18.191
18.3843
18.0645
18.2966
17.8463
18.2059
18.377
18.146
18.3124
18.0568
18.7996
18.3039
18.121
18.599
18.3449
18.0492
18.6342
18.0565
18.1028
18.1878
17.7324
18.2175
17.9019
18.4502
18.1862
18.5568
18.1728
18.3954
18.3068
18.2385
18.0375
18.3546
17.9997
18.3152
18.2879
18.23
18.2775
18.2393
18.4158
17.9199
18.408
18.3929
18.2417
18.1892
18.0485
18.5395
18.5678
18.2393
18.2805
18.3828
18.2039
18.1806
18.0201
18.119
18.2358
18.3672
17.9744
17.9884
18.0588
18.605
18.0677
18.2348
18.3071
18.0333
18.1164
18.1951
18.2707
18.4516
18.3179
18.2939
18.2033
18.2768
18.3598
18.2829
18.1435
18.1428
18.4059
18.1601
18.2675
18.4658
18.2055
18.2198
18.3312
17.8816
18.144
18.1618
17.9193
18.2643
18.298
18.3201
18.4104
18.2094
18.1149
18.1297
18.3564
18.2707
18.5444
18.8412
18.547
18.0425
18.3934
18.1728
17.6055
18.3462
18.0122
18.0687
18.5666
18.315
17.9499
17.7968
18.1692
18.361
18.1344
18.189
18.1461
18.529
18.4058
18.0776
18.4329
18.3003
18.429
18.0717
18.5337
18.4271
18.5565
18.688
18.2829
18.3739
18.2557
18.2769
18.7031
18.5943
18.5311
18.9013
18.1923
18.0458
18.7363
18.4227
18.1162
18.3432
18.9475
18.1033
18.3702
18.936
18.4765
18.1576
18.4255
18.6279
18.6664
18.4625
18.355
18.468
18.5921
18.4385
18.5359
18.5193
18.3784
18.2754
18.6891
18.3362
18.5541
18.2013
18.3457
19.0356
18.4506
18.2397
18.2245
18.4779
18.1469
18.353
18.6277
18.51
18.5162
18.4021
18.703
18.6374
18.4865
18.6178
18.0773
18.5218
18.7108
18.1371
18.2879
18.7115
18.5252
18.4672
18.4544
18.6278
18.6985
18.0787
18.4151
18.2641
18.5807
18.4546
18.3297
18.6203
18.2034
18.645
18.4273
18.4449
18.7853
18.4618
18.9274
18.7685
18.2963
18.6487
18.8537
18.7256
18.3608
18.5488
18.7156
18.3846
17.8899
18.3532
18.2278
18.2805
17.9076
18.3024
18.3897
18.3144
17.9207
18.4628
18.154
18.3234
17.7448
18.3121
18.2358
18.1246
18.1015
18.0298
18.4951
18.303
18.4422
18.0403
18.2354
18.8194
17.954
18.1841
18.5635
18.1092
18.5944
18.1976
18.3191
18.1437
17.8606
18.428
18.3923
18.4049
17.8931
18.0736
18.0878
18.1533
18.1465
18.5725
18.5637
18.1158
18.5367
18.0594
18.1567
18.4838
18.1548
18.199
18.1141
18.2203
17.8248
18.0936
18.4671
18.2573
17.9684
18.4108
18.1276
18.4449
18.0233
18.2096
18.2531
18.3001
18.4167
18.5412
18.2782
18.0778
18.4022
18.0705
17.7022
18.2357
18.2779
18.2356
18.3103
18.2958
18.3154
18.6181
17.8376
18.6782
17.9329
18.1907
18.2944
18.4642
18.5577
18.1434
18.2457
17.9565
18.4177
18.5126
18.5905
18.4596
18.6154
18.484
18.0382
18.5431
17.9489
18.367
18.27
18.521
18.4914
18.2281
18.2214
18.4433
18.1862
18.3605
18.1605
18.1921
18.8721
18.4099
18.3103
18.5586
18.3398
18.4601
18.0162
18.4416
18.9122
18.8136
18.2884
18.2218
18.1874
18.4149
18.6192
18.0973
18.1571
18.5075
18.6891
18.239
18.492
18.4094
18.5116
17.8862
18.4917
18.5055
18.5491
18.4235
18.063
18.6455
18.3951
18.3563
18.5919
18.2258
18.5701
18.5762
18.4307
18.3267
18.1202
18.162
17.9466
18.2882
18.4643
18.0612
18.3471
18.3405
17.9628
18.3417
17.9006
18.4253
18.0009
18.1648
18.125
18.6607
18.4388
18.0918
18.3402
18.3454
17.9632
19.0758
18.3204
18.1544
18.2413
18.231
18.1492
17.9509
18.2383
17.7345
18.4259
17.987
18.4233
18.6981
17.9585
18.1327
17.787
18.4888
18.1141
18.4658
17.9574
17.978
18.1819
18.2557
17.7726
18.486
18.5444
18.2475
18.2525
18.1796
17.9543
18.2459
17.986
17.8814
18.1817
18.1179
17.8863
18.3021
18.1248
17.8868
18.2412
18.2942
17.9741
17.9097
18.3785
17.866
18.6028
18.105
18.1549
18.202
18.3037
18.0493
18.2395
17.9282
18.1692
17.9807
17.8258
17.9153
18.4458
18.5412
18.2772
18.2089
18.404
17.5402
18.3748
18.037
17.8814
18.1109
18.086
18.1949
18.4042
18.4826
18.0545
18.1181
18
18.2728
17.7562
18.2447
18.2137
18.5082
18.171
17.8546
18.3732
18.2807
18.1733
18.4881
18.1798
18.1372
18.1173
18.4933
18.2666
18.0712
18.0019
18.3574
18.1024
18.5246
18.2954
18.1513
18.0083
17.8001
18.1267
18.2701
18.0884
18.2449
17.9511
18.0559
18.0733
18.077
18.3918
18.4051
18.1221
18.2683
18.3618
18.4604
17.9652
17.8353
17.9704
18.3403
18.5544
18.2073
18.2671
18.4187
18.2155
18.1302
17.7075
18.3827
18.1768
18.5182
18.4599
18.2523
18.8981
18.6168
18.3586
18.257
18.2296
18.5844
18.5268
18.0756
18.0349
18.0413
18.2322
18.0559
18.4806
18.5704
18.5381
18.2947
18.3761
18.7638
18.3514
18.5515
18.1525
18.595
18.3638
18.4086
18.5123
17.7461
18.0955
18.1023
17.9793
18.2475
18.6735
18.2324
18.2643
18.6568
18.3033
18.2862
18.5027
18.4034
18.3126
18.23
18.6769
18.0525
18.2276
18.3746
18.4172
18.5488
18.1266
17.9546
18.1831
18.0969
18.1425
18.4413
18.5436
18.2961
18.0184
18.1832
18.0373
17.9817
18.6511
18.1747
18.0764
17.8838
17.9742
18.4823
18.2839
18.1029
18.5231
18.3834
18.2242
18.465
18.3712
18.2668
18.1249
18.5044
18.2188
18.1511
18.28
18.4362
18.6597
18.3651
18.3912
18.3139
18.394
18.4213
17.6839
18.122
18.3843
18.5062
18.0701
18.4553
18.2168
18.3722
18.223
18.2954
18.4379
18.489
17.7586
18.0689
18.2103
18.0627
18.3391
17.7643
18.2217
18.0936
18.0073
18.0649
18.2496
17.9103
18.0692
18.3806
18.0969
17.6597
18.6713
18.1651
18.7317
18.257
18.0368
18.6988
18.1811
18.2223
18.2583
18.4419
18.5269
18.6123
18.355
18.0664
18.9041
18.0947
18.7051
18.6098
18.0915
18.2353
18.338
18.1278
18.3795
18.2471
18.0919
18.2184
18.2644
18.4239
18.5576
18.3367
18.9316
18.1526
18.1686
18.5792
18.2718
18.3424
18.1137
18.3281
18.0978
18.1117
18.4411
18.2564
18.0279
18.0605
18.3157
18.2244
18.598
18.2856
18.2327
18.4238
18.3333
17.9493
18.2155
17.7609
17.8878
17.9914
18.0288
18.4132
18.5043
18.2126
18.0583
18.5878
18.2904
18.3111
18.4957
18.1157
18.4573
18.1939
18.0706
18.8657
18.1193
18.223
18.4042
18.3933
18.2979
18.4376
18.3569
18.2688
18.3707
18.1634
18.0531
18.0279
18.2817
18.4189
18.5682
18.1665
18.5576
18.1618
18.383
18.3472
18.4361
18.1191
18.2065
18.1207
18.4207
18.1337
18.413
18.5779
18.2628
18.6113
18.3337
18.5466
17.8296
18.3033
18.1469
18.0966
18.0828
17.9779
17.9835
18.2495
18.7741
18.2032
18.3652
18.1741
18.1923
18.4753
18.2188
18.0597
18.1036
18.7887
18.444
18.4968
18.1867
18.5622
18.3154
18.1754
18.0917
18.1809
18.3207
18.1272
17.8783
18.528
18.4588
18.2574
18.4076
18.1627
18.7968
18.6012
18.2507
18.1289
17.9804
18.0066
18.3046
18.3202
17.957
18.4009
18.2854
18.0603
18.2163
18.4736
18.1444
18.7876
18.3578
18.1211
18.0723
18.3259
18.2278
17.8746
18.3169
18.2638
17.9073
18.3213
18.3916
18.8139
18.833
18.3123
18.6715
18.1533
18.3825
18.2845
18.5485
18.3163
18.0773
18.5281
18.0806
17.7925
18.017
18.1145
18.3319
17.8741
18.1943
18.2288
17.9343
18.1453
18.153
18.0471
18.3729
18.0978
18.5688
18.5144
18.0345
17.811
18.5846
18.0289
18.7057
18.0732
17.8571
18.0883
18.5392
18.2739
18.6724
17.7359
17.9168
18.5248
18.2816
18.0218
18.1435
18.3784
18.4866
17.7326
18.3378
18.364
18.2499
17.8958
18.2723
18.3964
18.2142
17.9795
17.8587
18.2945
18.2371
17.9841
18.2327
18.3046
18.1609
17.838
18.3365
17.9163
18.1392
18.1082
18.5589
18.2578
18.2392
18.2911
18.3401
17.8025
18.0185
17.7643
17.8587
17.8931
18.0642
18.1127
17.8879
18.4246
17.9445
18.4156
18.1947
18.2819
18.3551
18.0918
18.0558
18.5762
18.1178
17.991
18.4425
17.9184
18.325
18.2714
18.2504
18.5324
18.0654
18.1428
18.4257
18.2088
18.2226
18.0963
18.3559
18.5972
18.3539
18.314
17.8908
18.3543
18.8023
18.3751
18.432
18.4088
18.678
17.7707
18.0622
18.2538
18.3748
18.3785
18.4638
18.264
18.3284
18.3877
18.0837
18.1412
18.7464
18.502
18.0938
17.9881
18.2148
18.5737
18.1432
17.8073
17.9764
17.9583
18.312
18.0051
18.5931
18.6139
18.0488
18.162
17.9176
17.9851
18.4801
18.2591
18.3306
18.4939
18.3407
18.4771
18.3804
18.0005
18.0189
17.8067
18.6104
18.2472
17.9676
17.7336
18.1076
18.7098
18.179
18.1747
18.1396
18.3898
18.6433
18.6738
17.9766
18.6088
18.5312
18.1964
18.2934
18.387
18.1984
18.734
18.3136
18.5759
18.4296
18.3494
18.2491
18.2482
18.2099
18.617
18.9732
18.5489
18.2674
18.533
18.769
18.5363
18.1542
18.7841
18.959
18.744
18.4429
18.7151
18.2715
18.354
18.4363
18.2848
18.198
18.6826
18.7224
18.736
18.605
18.9164
18.8017
18.0516
18.6439
18.3013
18.5472
18.2667
18.1471
18.2602
18.4939
18.7518
18.5312
18.5133
18.363
18.8435
18.3
19.0482
18.3771
18.2831
18.1937
18.4699
18.8666
18.2325
18.3308
18.4425
18.1419
18.1433
18.6057
18.3572
18.3859
18.8218
18.5489
18.5731
18.6952
18.3071
18.9065
18.4996
17.9857
18.689
18.6609
17.975
18.1792
18.32
18.178
18.5231
18.0401
18.0378
17.9451
18.0435
18.4248
18.0764
18.1378
18.4092
18.0494
18.0232
18.094
18.1113
17.8575
18.1892
18.3017
18.8522
17.7207
17.9691
18.129
18.3936
17.9981
18.2394
18.3273
18.1669
17.9951
17.8259
18.1488
18.4534
17.8517
18.2937
17.8181
18.4889
18.2729
17.9988
18.2099
18.2951
18.1881
18.33
18.1161
18.3834
18.0419
18.0351
18.0837
18.2094
18.4801
18.5027
18.4705
18.0049
17.9698
17.8998
17.7423
18.2912
17.8925
18.1494
18.5765
18.459
18.0362
17.6784
17.9186
18.2735
18.0871
17.9144
18.2189
17.9501
18.3466
18.2554
18.0428
18.0645
18.022
18.158
17.8868
18.3842
18.4227
18.4134
18.1541
18.5701
18.1189
18.0406
18.3332
18.456
18.1091
17.6228
18.473
18.1256
17.8296
18.9033
18.0541
18.3926
18.2876
18.2926
18.3082
17.9992
18.3111
18.4211
18.5468
18.5658
18.1237
18.0339
18.5097
18.3251
18.5353
18.2511
18.5267
18.5282
18.6705
17.9793
18.8306
18.7431
18.3527
18.2604
18.3442
18.534
18.2807
18.4028
18.1539
18.0336
18.1018
18.2938
18.3618
18.8471
18.3937
18.0093
17.8917
18.3628
18.7161
18.3043
18.3919
17.9344
18.4283
18.4604
18.2595
18.3575
18.0608
18.2879
18.5131
18.3271
18.2979
18.3403
18.6422
18.4661
18.1171
18.5691
18.1545
18.4043
18.2177
18.7822
18.4027
18.4229
18.3477
18.3227
18.2996
18.5233
18.1051
18.1099
18.6451
18.3887
18.312
18.2118
18.1911
18.6939
18.2228
18.4181
18.4867
18.4687
18.8305
18.2222
18.3606
18.4028
18.3089
18.5224
18.3087
18.2778
18.4362
17.8771
18.2126
18.5817
18.1809
18.5639
18.3857
18.4807
18.6902
18.4107
17.9297
18.5233
18.6529
18.4096
18.468
18.3831
18.2356
18.3625
18.0461
18.3298
18.3437
18.2826
18.2935
18.8207
17.9734
18.3405
18.558
18.3175
18.5742
18.4541
18.3191
18.1512
18.3527
18.1642
18.3907
18.1726
18.4859
18.2967
18.4752
17.9833
18.0453
18.7042
18.0727
18.3427
18.3814
18.5567
18.7437
18.4208
18.2972
18.1165
17.9245
18.0935
18.6295
17.8351
18.278
18.2282
17.6406
18.0343
17.8123
18.2775
18.5952
18.0412
18.1504
18.2388
18.2638
18.2728
17.9119
18.2117
18.1649
18.5039
18.2021
18.0614
17.8703
18.135
18.2892
18.0809
18.1568
17.781
18.3138
18.644
18.0512
18.3673
18.6516
18.2478
18.2866
17.8273
18.1495
18.3105
18.0329
18.4986
18.1993
18.0843
18.1116
18.0301
18.151
18.304
17.9372
18.2505
18.2617
18.1808
18.2587
18.18
18.132
18.2471
18.1561
18.2494
17.6656
17.9629
18.3712
18.0278
17.8882
18.2247
17.8789
18.4704
18.1303
18.3002
18.2583
18.5197
18.0162
17.7968
18.0406
17.9295
18.263
17.9527
17.9765
17.8689
18.1543
17.9814
18.0982
18.5009
18.1658
18.0882
18.7585
18.159
18.1949
18.4075
18.0579
18.4122
18.2242
17.7665
18.0793
18.2124
17.8304
18.1373
18.036
17.7568
18.1316
18.2194
17.6471
18.5953
18.1469
17.9146
17.9858
18.1875
18.5804
18.0773
18.3139
18.4047
18.354
17.9165
18.3992
18.0723
18.2301
18.4922
18.2848
18.2261
18.7443
18.395
18.0551
18.2897
17.8245
18.3525
17.7869
18.5898
18.3527
18.1995
18.824
18.0642
17.878
18.1979
18.1855
18.27
18.0406
17.9743
18.2057
17.8887
18.3129
18.0806
18.2633
17.8869
18.4395
17.9811
18.4475
18.1063
18.2772
18.2553
18.2613
17.7865
18.1906
17.9371
18.602
18.0373
18.2
18.0895
18.0167
17.9945
18.153
18.4493
18.5601
18.1711
17.9269
18.5328
18.3252
17.8585
18.287
18.1713
18.4181
18.1914
18.2435
18.1793
18.019
18.4114
18.4314
17.9344
18.411
18.402
17.8202
17.9644
18.286
18.3244
17.9589
18.2124
18.2742
18.3503
18.6536
18.1274
18.0997
18.4902
18.5305
18.5084
17.9928
18.2982
18.0141
17.7902
18.1967
18.2318
18.0035
18.2211
18.3339
17.4755
18.1059
17.6591
18.0204
18.3401
18.4881
18.3545
18.4015
18.4002
17.9936
18.168
18.2582
17.9799
18.3672
18.2692
18.1829
18.4265
18.1222
17.9798
18.4232
18.0309
18.5094
18.2801
18.3065
18.7906
17.927
18.2632
18.2381
18.4804
18.585
18.1032
18.2757
18.4958
18.5184
18.4694
18.3477
18.3448
18.3016
18.0439
18.1983
18.4767
18.0772
18.356
18.6138
18.5305
18.409
18.8911
18.3676
18.0807
18.642
18.1935
18.2277
18.099
18.1095
18.0416
18.3786
18.3416
18.5409
18.4797
18.268
18.5418
18.4284
18.6509
18.552
18.2555
18.6858
18.4807
18.2456
18.3346
18.4608
17.7664
18.2697
18.5306
18.613
18.5332
18.4606
18.4904
18.6626
18.5575
18.336
18.2647
18.6711
18.1697
18.4004
18.3433
18.312
18.052
18.6224
18.13
18.0705
18.2823
18.3695
18.0821
18.6525
18.1624
18.3175
18.4478
18.4356
18.715
18.4687
17.969
18.3257
18.6221
18.4972
18.4789
18.1758
18.1875
18.3936
18.6451
18.1559
18.3498
18.7923
18.1115
17.9221
18.679
18.6096
18.0228
18.1624
18.3595
18.1259
18.4145
18.0341
17.9135
18.1365
18.1427
18.3052
18.2421
18.2897
18.0069
18.2125
18.1131
17.9078
18.3772
18.1687
18.5178
18.0177
18.4752
18.4416
17.9302
17.9561
18.1788
18.0891
18.6705
18.3963
18.2605
18.2533
18.4367
18.4771
18.3598
18.2463
18.3149
18.1844
18.2463
18.3461
18.0002
18.1289
17.975
17.9545
18.1846
18.1807
18.5459
18.2757
18.1801
18.7419
18.3067
18.5484
18.4455
17.9548
18.0098
18.0885
18.0992
18.3356
18.3264
18.0582
18.2569
18.2972
18.1924
18.1167
18.2464
18.6247
18.3876
18.1213
18.6866
18.5745
18.0125
18.038
18.6557
18.2726
18.1694
17.9373
18.2782
17.6716
18.2024
18.1729
18.4378
18.1868
18.1182
18.181
18.1901
17.9677
18.5255
18.057
18.2688
18.0279
17.8677
17.952
18.3747
17.9563
18.4055
18.5933
18.3857
17.7834
18.3262
18.4738
18.5177
18.861
18.1066
18.5416
18.5116
18.6565
18.4541
18.4014
17.9725
18.3887
18.1923
18.3053
17.9933
18.3726
18.4259
18.327
18.2314
18.1789
18.1162
18.4061
17.9329
18.1213
18.3804
18.2402
18.1615
18.1038
18.0455
18.2047
18.2725
18.3811
18.1977
18.4097
18.6343
18.5906
18.4374
18.644
18.7517
18.1225
18.0723
18.3826
18.3659
18.4141
18.4069
18.1176
18.1482
18.0528
18.4849
18.2007
18.2214
18.4969
18.201
18.1231
18.3185
18.4012
18.3887
18.1864
18.4009
17.7658
18.5242
18.5114
17.9482
18.0232
18.1455
18.6745
18.2038
18.4165
18.2202
18.8944
18.391
18.147
18.5967
18.5706
18.0986
18.5697
18.4129
18.1875
18.0141
18.1566
18.1841
18.0512
18.124
18.0248
18.4576
18.3671
17.8299
18.2277
18.4265
18.2155
18.2848
18.3086
18.213
18.4783
18.1894
17.7201
18.4199
17.8605
17.3776
18.2538
18.254
18.2248
18.0708
18.1627
18.4425
18.358
18.2807
18.3824
18.4207
18.0541
18.4964
18.058
18.081
18.1318
18.1107
18.3485
18.2066
18.2655
18.0584
18.0373
18.0164
18.0807
18.2865
18.3029
18.2382
18.456
18.231
18.1999
18.0046
18.1747
18.1742
18.075
18.3922
18.5541
18.0464
18.3346
18.5235
18.0301
18.1954
17.9384
18.2028
18.3758
18.0641
17.9715
18.0928
17.7429
18.5129
18.6381
17.9841
18.309
17.9913
18.4057
18.2611
17.8097
18.4887
18.0627
18.1343
18.4057
18.122
18.0444
18.4641
18.3576
17.8542
18.2269
18.3945
18.2079
18.8739
18.2913
18.4215
18.6999
17.7747
18.4537
17.6624
18.5794
17.9555
18.3382
17.8092
18.1838
18.4188
17.9086
18.3787
18.5798
18.4155
18.1185
18.3038
18.3703
18.0519
18.035
18.2918
18.2645
18.11
18.165
18.0538
17.8151
18.1063
18.0207
18.1799
18.2711
18.1564
17.9698
18.2266
18.1483
18.2392
18.4381
17.6254
18.3752
18.1223
17.9936
18.1042
18.1638
18.5107
18.3868
18.3456
18.4612
18.7598
18.863
18.4706
18.3776
18.4509
18.505
18.386
18.3826
18.3658
18.1836
18.442
18.3845
18.3593
18.2701
18.5117
18.7276
18.4709
18.4343
18.6324
18.4455
18.0047
18.6177
18.1147
18.4322
19.0288
18.4451
18.3101
18.3338
18.2334
18.4568
18.3286
18.5708
18.2587
18.4038
18.2457
17.8195
18.3306
18.3154
18.4031
18.3635
18.2063
18.1991
18.4784
18.0706
17.9897
18.7452
18.7263
18.1987
18.5935
18.5671
18.3933
18.5492
18.59
18.6924
18.0279
18.3385
18.2998
18.6168
18.4433
18.1729
18.659
18.195
18.2193
17.7811
18.5783
18.598
18.2419
18.1967
17.9336
18.3046
18.1932
18.2289
18.3945
18.2125
17.736
18.382
18.0294
18.5254
18.6912
18.4071
18.23
18.1866
18.2446
17.2824
18.043
18.1693
17.8722
18.2113
18.2786
17.8483
17.7778
18.1004
17.7977
18.1445
18.2188
18.4576
18.2453
18.1498
18.2818
18.3273
17.8387
18.0438
17.897
18.6187
18.3961
18.2556
17.8347
17.9322
18.1933
18.3529
18.0908
17.7956
18.2392
18.1863
18.2231
18.0168
18.1013
17.9477
18.1057
18.3444
18.0088
18.1287
18.6214
18.1226
18.3321
18.6053
18.3967
18.639
18.4313
18.2201
18.344
18.497
18.3196
18.4639
18.1172
18.1129
18.0642
18.1331
18.0135
18.0554
18.2281
18.506
18.2966
18.3952
18.3547
18.5053
18.3043
18.378
18.4953
18.1571
18.3244
18.2925
18.013
18.477
18.7113
18.5235
18.1234
18.6833
17.7375
18.1496
18.1542
18.6978
18.5343
18.6101
18.2226
17.8031
18.3954
18.35
18.0414
18.3515
18.5831
18.4664
18.0089
18.4837
18.5064
18.276
18.5608
17.6739
18.4494
18.8427
18.1
18.5452
18.7228
18.6057
18.1971
18.6162
18.658
18.6771
18.6583
18.4781
18.2435
18.6229
18.5649
18.8117
18.4097
18.606
18.2981
18.4264
18.2548
18.6088
18.3232
18.5541
18.5785
18.2136
18.6048
18.4831
18.2599
18.4321
18.6709
18.6578
18.135
18.7832
18.6012
18.5343
18.9162
18.1797
18.5554
18.2924
18.7963
18.6288
18.7586
18.6733
18.803
18.6376
18.6061
18.1241
18.3031
18.7172
18.5414
18.4838
18.3146
18.3627
18.5663
18.3855
18.5874
18.6268
18.2707
18.5388
18.3338
18.3048
18.3782
18.6723
18.6704
18.4785
18.3761
18.2915
18.6069
18.3074
18.0763
18.1745
18.1941
18.3825
18.2361
17.9249
18.2143
18.3253
18.2437
18.2202
18.129
18.221
18.1229
18.4672
17.8209
18.1938
18.52
18.117
18.1108
17.8761
18.1092
18.2433
18.0691
18.0362
18.0683
18.0938
18.4033
17.7521
18.2625
18.6311
18.1431
18.0521
18.3184
17.9647
18.478
17.7946
18.1285
18.4897
18.2072
18.5654
18.2998
18.0498
17.848
17.9043
18.0893
18.3354
18.0981
18.3513
18.2308
18.5094
18.119
18.1784
18.2808
18.143
18.2392
18.1053
18.5503
18.7378
18.3782
18.5152
18.3151
18.1226
18.1604
18.1755
18.4667
18.0992
18.2684
18.0906
18.5508
18.2481
17.8481
18.4246
18.5417
18.3717
18.3144
18.5787
18.1881
18.2432
18.0518
18.0717
18.5971
18.0276
18.1547
18.0835
18.2109
18.5367
17.9022
18.1119
18.2225
18.2211
18.0672
17.9721
18.2998
18.5309
18.3553
18.3167
18.5989
18.0193
18.4233
18.5386
18.3376
18.0926
17.8421
18.4914
18.2308
18.5684
18.4534
18.1307
18.1723
17.8016
18.2609
18.2126
17.8858
18.3769
18.6217
18.1342
18.2139
18.4714
18.1347
18.3676
18.172
18.4055
18.5509
18.4071
18.3322
18.4193
18.1522
18.2557
18.3692
18.3844
18.5906
18.7421
18.5287
18.6325
18.5733
17.9955
18.487
18.1285
18.3128
18.4941
18.4872
18.5588
18.4023
18.1262
18.1078
18.4738
18.3842
18.3922
18.0278
18.5626
18.794
18.2197
18.0895
18.4072
18.3055
18.2321
18.3288
18.0013
17.7702
18.4344
18.109
18.4278
18.302
18.7821
18.111
18.7274
18.9219
18.2042
18.0526
18.4073
18.2977
18.2905
18.5488
18.6155
18.3725
18.0957
17.9846
18.0178
18.3122
18.5053
18.0769
18.1927
18.2746
18.2688
18.564
17.7642
18.0851
18.441
18.4715
18.0843
18.5917
18.7879
18.4644
18.2013
17.9911
18.2622
17.8659
18.2159
18.2891
18.1615
17.834
17.8436
18.5208
18.4955
18.3278
18.0781
17.9088
18.3031
18.5529
18.0104
18.2996
18.0491
18.4838
18.2186
18.1457
17.8008
18.354
18.0417
18.2586
18.4383
18.1964
18.4206
18.2786
18.3729
17.7783
18.728
18.3637
18.3531
18.4377
18.6177
18.4612
18.1656
18.442
18.4432
18.7351
18.3082
18.2685
18.5191
18.234
18.2655
18.4489
18.4181
18.2448
18.7129
18.5265
18.7398
18.3529
18.2433
18.3343
18.3724
18.4584
18.4387
18.4995
18.0226
18.4361
18.2604
18.2776
18.4511
17.9868
18.7809
18.3437
18.2497
18.5576
18.3284
18.5923
18.3348
18.2422
18.5044
18.1356
18.3648
18.4316
18.203
17.9775
18.5041
18.2591
18.3198
18.4282
18.3276
18.6222
18.6312
18.5742
18.6543
18.5576
18.6273
18.4862
18.7093
18.2175
18.0351
18.0051
18.5313
18.2007
18.0016
17.6358
18.0005
18.3363
18.1409
18.2632
17.7739
18.458
18.6641
18.2944
18.5146
18.8645
18.1449
18.3711
17.8527
18.0615
18.2242
17.8849
18.2923
18.0346
18.2027
18.2329
18.214
18.1571
18.3191
17.8152
18.0722
18.1388
18.3335
18.1218
18.3958
17.824
18.2502
17.9466
17.9264
18.4649
17.9818
18.1216
18.2319
18.4019
18.2914
18.1109
18.0077
18.1309
18.3686
18.2315
18.2147
18.1187
18.1918
18.1663
18.0435
18.1813
18.3834
18.5658
18.1735
18.0821
18.2154
18.4549
18.0655
18.1087
18.2046
18.4221
18.41
18.2323
18.4275
18.3203
18.1841
17.9919
18.48
18.4722
18.0484
18.2184
18.0459
18.2291
18.2798
18.2067
18.2416
18.4809
18.5782
17.7732
17.7528
18.0867
18.448
17.7283
18.1331
17.8561
18.1787
18.2972
18.4453
17.8564
18.1799
18.0111
18.619
18.311
18.5164
18.3493
18.3904
18.485
18.0028
18.0987
18.1872
18.219
18.4538
18.2048
18.2966
18.533
18.7371
18.43
18.2861
18.2732
18.6053
18.6376
18.3185
18.5851
18.332
18.4102
18.0737
18.4325
18.502
18.7286
18.4906
18.4034
18.4291
18.0027
18.4899
18.3299
17.8518
18.5228
18.2722
18.0393
18.2555
18.2252
18.0382
18.2566
17.9558
18.5282
18.2052
18.5622
18.262
18.3736
18.2543
18.0109
18.1649
18.1393
18.4161
18.2862
18.4455
17.8728
18.4852
18.4621
18.2326
18.1053
18.3368
18.2269
18.4924
18.2352
18.4791
18.2397
18.4715
18.5806
18.3532
18.1992
18.3233
18.2582
18.4261
18.4424
18.8458
17.9706
18.678
18.6842
18.5989
18.4685
18.0753
18.2927
18.2134
17.8251
18.5981
18.383
18.0945
18.4029
18.5874
18.5007
18.3815
18.5498
18.5593
18.2018
18.518
18.4557
17.9509
18.5265
18.3517
18.3277
18.3673
18.6196
18.199
18.2484
18.5063
18.3821
18.4259
18.622
18.1133
18.2502
18.7983
18.1714
18.5286
18.24
18.5199
18.7521
18.7171
18.4052
17.8878
18.2644
18.3307
18.3403
18.2739
18.3233
18.3257
18.765
18.4746
18.1961
18.5078
18.3805
18.2108
18.3599
17.9646
18.5759
18.2225
18.3656
18.1835
18.0291
18.2874
17.8324
18.017
18.3821
18.2762
18.727
18.1987
18.2649
18.3165
17.7308
17.9558
18.1066
18.0027
18.2761
18.2193
18.4797
18.4007
18.1991
18.6882
18.1393
18.4689
18.0971
18.4548
18.6705
18.0612
18.4813
18.3151
18.0745
18.4315
18.2865
18.2359
18.0433
18.3013
18.3438
18.3549
18.2761
18.2781
18.8785
18.087
17.9849
18.4154
18.5301
18.144
18.1771
18.1247
18.6069
18.3551
18.5206
18.4822
18.1222
17.885
18.5639
18.0283
18.5851
18.238
18.0182
17.9044
18.0721
18.4685
18.3786
17.984
18.2667
18.207
17.8652
18.1036
17.9912
18.3174
17.9993
18.1671
18.1779
18.1532
18.4519
18.4607
17.9455
18.3056
18.1907
18.1019
18.5164
18.5945
18.0602
18.4285
18.11
18.2198
18.4099
17.8463
18.1791
18.7328
18.3243
17.8824
18.6842
18.3678
18.0768
18.2936
18.3514
18.2944
18.1103
17.9747
18.4088
18.3611
18.5869
18.0179
18.3971
18.3827
18.1852
17.6649
17.7078
18.333
18.2029
18.1476
18.0452
18.182
17.9724
18.0627
18.1493
18.1411
18.2738
18.24
18.3287
17.9486
18.3252
18.3099
18.2809
18.3413
17.6715
18.3958
18.5464
18.0589
18.3212
18.0956
18.124
17.6967
18.0147
18.0507
18.4548
18.263
18.4208
18.4438
18.4261
17.938
18.2102
18.2844
18.2063
18.1797
17.9079
18.0667
18.1313
17.7571
18.0924
18.0643
17.8168
18.2132
18.5084
18.3757
18.3659
18.3615
18.1371
18.5058
18.4519
18.282
18.3329
17.7673
18.3078
18.1662
18.2777
18.2736
18.5308
18.5382
18.498
18.3034
18.0617
18.2057
17.769
18.3596
18.277
18.3615
18.5146
18.0146
17.8335
18.1173
18.4739
18.1244
18.4414
18.1591
18.3406
18.7781
18.2758
18.0825
18.2043
18.3621
18.2457
18.1595
18.4078
18.0889
17.9657
18.3567
18.0515
18.2678
18.081
18.3412
18.122
18.2691
18.064
18.5397
18.2919
18.6228
18.5063
18.1185
18.4349
18.4889
18.1937
18.2401
18.6314
18.6423
18.2586
18.521
18.0777
18.3193
18.3396
18.0393
18.5477
18.5116
18.1722
18.4456
18.2138
18.2011
17.9924
17.902
18.3851
18.1037
18.0829
18.2377
18.3962
18.2171
18.162
18.083
18.3265
18.5181
17.986
18.2684
18.0221
18.2863
18.3536
18.6848
18.2068
18.17
18.0594
18.3832
18.2834
18.7535
18.2919
18.466
18.3804
18.0217
17.8187
18.6871
17.788
17.9348
17.993
18.2054
18.1198
18.5104
18.0007
18.5926
18.4515
18.3548
18.6275
18.17
17.9931
18.7475
18.2745
18.4374
18.7055
18.0752
18.1678
17.8308
18.4481
18.0329
18.2738
17.9892
17.892
18.5948
17.9037
17.963
18.1204
17.9922
18.5752
17.9333
18.1603
18.1247
18.5731
18.2751
17.9425
18.0189
18.0013
17.9383
17.8566
18.6452
18.0072
18.0771
18.0011
18.1358
18.1992
18.2553
18.0069
18.3989
18.1947
18.1363
18.383
17.8492
17.9858
18.4206
18.1671
17.769
18.4425
18.2991
18.2119
18.4812
18.1207
18.4818
18.2484
18.4219
18.6668
18.2303
18.2446
18.7315
18.1994
18.2773
18.436
17.7708
18.0351
18.3878
18.5842
18.3463
18.0765
18.2284
18.1201
18.0877
18.3597
18.3308
18.6811
18.1155
18.228
18.1408
18.4548
18.1822
17.9701
17.9015
18.4856
18.5529
18.5953
18.4084
18.4072
18.8626
18.3655
18.2826
18.7581
18.3583
18.1669
18.2957
18.2077
18.4246
18.5133
18.2883
18.2108
18.2559
18.3541
18.354
18.9006
18.1768
18.5061
18.7025
18.5313
18.8632
18.1393
18.4271
18.1403
18.0718
18.3889
18.2541
18.5322
18.3141
18.3456
18.4333
18.621
18.4653
18.4389
18.2586
18.368
18.2047
18.0563
18.4786
17.9627
18.7963
18.5521
18.3378
18.2913
18.554
18.2206
18.3479
18.5599
18.8396
18.4477
18.5123
18.3758
18.6383
18.7122
18.5464
18.5155
18.5637
18.2877
18.1998
18.3782
18.1193
18.6354
18.2663
18.5179
18.3004
18.557
18.5558
18.4173
18.5821
18.2837
18.629
18.3516
18.3195
18.4387
18.8239
18.627
18.1098
18.1101
18.3736
18.2916
18.5984
18.2671
18.4849
18.4939
18.5045
18.2889
18.0301
18.7459
18.4651
18.583
18.8126
18.1405
18.1368
18.4035
18.3095
17.9124
18.5494
18.3775
18.4878
18.0257
18.2704
18.3023
18.077
18.1132
18.4632
18.3485
18.0396
18.0124
18.1821
18.2605
18.2953
18.3821
18.1081
18.2993
18.3065
18.0388
18.2649
18.5755
17.7155
18.0615
18.1583
18.7291
18.5788
18.3331
18.0672
18.0466
18.3937
17.9054
18.2261
18.3146
18.2682
18.0496
18.3606
18.5373
18.3295
18.3326
18.5557
18.3987
18.3479
18.3625
18.3397
18.796
18.5153
18.1156
18.1961
18.4669
18.5121
18.5024
18.5446
18.5732
18.3203
18.477
18.081
18.59
18.0069
18.5196
18.3806
18.2689
18.4576
18.3044
18.2036
18.7643
18.3931
18.4665
18.8455
18.0428
18.5334
18.4515
18.8127
18.3811
18.3415
18.831
17.9319
18.4797
18.2346
18.4027
18.2644
18.6182
18.367
18.3916
17.9582
18.293
18.2623
18.1521
18.5723
18.5667
18.6876
18.6278
18.5898
18.3773
18.4666
18.0527
18.3899
18.2616
18.2268
18.6958
18.4017
18.1227
18.3659
18.6706
18.2464
18.1582
18.8327
18.4932
18.688
18.5967
18.2484
18.3862
18.192
18.7569
18.664
18.6155
18.5917
18.0215
18.4305
17.9761
18.0197
18.2078
18.3037
18.6628
18.3643
17.283
17.7735
18.3079
17.9529
17.8273
17.8843
18.0114
18.3811
18.1724
18.3982
17.9697
18.0309
18.249
18.3908
17.8278
18.1948
18.1844
18.5996
18.314
18.0293
18.0079
18.2959
18.6808
17.7528
18.2404
18.4554
18.4639
18.0632
18.289
18.2018
18.0459
18.3965
17.8535
18.0656
18.1538
17.7236
18.3166
18.1839
18.1369
18.2447
18.238
18.4259
18.5819
18.5785
18.07
18.0453
18.545
18.3335
18.0127
18.2611
18.5024
17.9113
18.3519
18.1054
18.3191
18.0109
18.2404
18.246
18.4347
18.8521
18.041
18.3591
18.2595
18.6545
18.8435
18.3579
18.299
18.735
18.1689
18.4122
18.3248
18.2682
18.1435
18.1545
17.9601
18.6864
18.1456
18.3439
18.5844
18.6751
18.4115
18.4518
18.2277
18.6017
18.2898
17.9639
17.8117
18.2452
18.1125
18.222
18.5503
17.6949
18.2872
18.4614
18.2617
18.47
18.489
18.5465
17.8071
17.9356
18.0195
18.5801
18.4421
18.3548
18.3672
18.3861
18.1244
18.4949
18.1819
18.2259
18.2166
18.6357
18.2811
18.3966
18.5883
18.5258
18.1926
18.3316
18.5213
18.4936
18.1859
18.3285
17.8708
18.2656
18.4389
18.1726
17.9448
18.3974
18.3551
18.6384
18.6663
18.0887
18.3115
18.5173
18.2558
18.2359
18.334
18.2959
18.3023
18.321
18.3672
18.6591
17.9158
18.1396
17.855
18.3104
18.1913
18.0106
17.9535
18.0708
18.1933
18.2696
18.2347
18.2882
17.7943
17.8547
18.0658
18.3335
17.8318
18.5667
17.9554
18.3266
18.3891
18.5715
18.2843
18.1166
18.272
18.5018
18.6023
18.4176
18.4483
18.1626
17.9319
18.1244
18.3743
17.6947
17.9632
18.3551
17.9354
18.1076
18.5427
18.3585
18.4734
18.0855
18.5815
18.0717
18.0504
18.3311
18.3662
18.022
18.1752
18.4261
18.378
18.2162
18.524
18.4169
18.1554
18.0904
18.1536
18.2486
18.3263
18.2997
18.6536
18.0993
18.3241
18.3141
18.3807
18.5172
18.5242
18.498
18.4049
17.8247
18.3715
18.2099
18.6982
18.5112
18.5952
18.2227
18.1462
18.5862
18.2818
18.1462
18.1104
18.3283
18.1903
18.5293
18.4987
18.4822
18.2853
18.2554
17.9979
18.3822
18.1079
18.2951
18.2902
18.2641
18.3444
18.0163
18.6361
18.4051
17.9886
17.9002
18.233
17.9902
18.0195
18.4401
18.2934
18.5126
18.097
17.8732
18.0127
18.3145
18.146
18.1939
17.9127
18.1686
18.0961
18.0979
17.8064
18.451
18.3077
17.6755
18.4649
18.4713
18.3385
18.3688
18.3948
17.9966
18.2472
18.1046
18.6125
18.1123
18.5421
18.1883
18.6034
18.4873
18.5089
18.0072
18.2055
18.2936
18.2913
18.3651
18.2589
18.0647
17.7884
18.9099
18.0856
17.9894
18.2847
18.5566
18.3972
17.6477
18.5346
18.6167
18.4252
18.5156
17.9473
18.2012
18.0634
18.28
18.0947
18.1885
18.152
17.9635
18.0464
18.2432
18.4072
18.0299
18.2769
17.7009
18.4826
18.3409
18.0061
18.3199
18.4304
18.1117
17.974
17.8359
18.4705
18.1284
17.8564
18.4547
18.1855
18.1816
18.2796
18.195
18.0395
18.2646
18.2238
18.4305
18.5022
18.0641
18.009
17.8272
18.1329
18.202
18.0967
18.0907
18.2305
18.0247
18.4341
17.9211
18.3916
18.3865
18.1041
18.295
18.6403
18.6948
18.4977
18.2395
18.3811
18.0689
18.1251
18.129
18.1515
18.2785
18.4382
18.3975
18.5288
18.5945
18.0833
18.2907
18.4116
18.4873
18.1988
18.2114
18.4607
18.4802
18.272
18.5371
18.0824
18.4319
18.1557
18.6097
18.6228
17.908
18.5273
18.6865
18.3977
18.2268
18.1067
18.7637
18.3381
18.3213
18.0051
18.6087
17.7794
18.6147
18.3272
18.0047
18.3455
18.6712
18.0761
18.6978
18.1196
18.4183
18.3806
18.329
18.2687
18.4456
18.6261
18.1493
18.4182
18.3799
18.5293
18.3501
18.1483
18.433
18.2935
17.8762
18.3888
17.7678
18.1987
18.5204
18.4004
18.3315
18.1125
18.0394
18.1534
18.3981
18.6266
18.3128
18.5905
18.2825
18.1865
18.406
18.0583
18.2026
18.5727
18.2459
17.9363
18.5641
18.266
18.3934
18.1465
18.1069
18.2961
17.983
18.1663
18.1014
18.1045
18.1746
18.1072
18.2197
18.2974
18.0497
18.345
18.3941
18.4066
18.2021
17.9543
18.5886
18.3857
18.4456
17.9942
18.0111
18.1423
18.3877
18.2261
18.1956
18.2987
18.3935
18.1953
18.4733
17.8826
17.9743
18.2862
18.3275
18.3386
17.9394
18.0754
18.473
18.3997
18.0644
18.6677
18.0529
18.339
18.2781
18.6345
17.7578
18.1522
18.5681
18.4156
18.7717
18.4955
18.3862
18.0567
18.1748
18.0971
18.3401
18.4577
18.5702
18.3823
18.2203
18.3589
18.584
18.464
18.4395
18.3874
18.6362
18.4653
18.467
18.0105
17.9295
17.8478
18.0972
18.1421
17.999
17.9911
18.0289
18.656
17.5908
18.1312
18.246
18.2998
18.3907
18.0561
18.1246
18.4338
17.9721
18.4003
17.744
17.9894
18.1797
18.0958
18.3702
18.0512
18.3586
18.3406
18.5586
18.6842
18.4919
18.4338
18.4656
18.3283
18.1034
18.2544
18.7704
18.2768
18.6907
18.2899
18.3483
18.2639
18.399
18.2712
18.1327
18.2594
18.1178
18.527
18.7667
18.5243
18.1951
18.5439
18.5821
18.2566
18.1685
18.7636
18.5665
18.3306
18.1925
18.6234
17.9537
18.0146
18.2794
17.8447
18.2162
18.2796
18.3492
17.9008
18.3951
18.379
18.4252
18.2959
18.03
18.5165
18.1461
17.9916
18.1554
18.2152
18.3669
18.044
18.1507
18.1665
18.335
18.151
18.3032
18.3336
18.2909
18.2262
18.5927
18.1622
18.6268
18.05
18.6754
18.5014
18.5005
18.4243
18.2771
18.052
18.2519
18.4899
18.1584
18.488
18.3045
18.2841
18.2881
18.2468
18.6511
18.1119
18.6763
18.3816
18.6014
18.1498
17.8444
18.2083
18.0127
17.9356
18.3798
17.7824
18.0717
18.7383
18.157
18.2425
18.0728
18.2383
17.9937
18.2326
18.1517
18.1819
18.5197
18.2683
18.2678
18.3587
18.2955
18.4078
18.2495
18.4202
18.0533
18.1248
18.0539
18.1749
18.1059
18.467
17.8705
18.1671
18.091
18.5343
18.396
18.0344
18.1128
17.8857
18.3056
18.6029
18.0288
18.0853
18.4224
18.4421
18.5343
18.6039
18.5395
18.5551
18.4689
18.5201
18.5727
18.3953
18.2336
18.3781
18.6375
18.6208
18.2085
18.675
18.2186
18.1662
18.3986
18.2314
18.1728
18.2299
17.991
18.2127
18.3834
18.2669
18.0439
18.4616
18.2086
18.0709
18.244
18.7588
18.4402
18.1709
18.4144
18.0431
18.6428
18.2709
18.5611
18.2139
18.8579
18.3365
18.4034
18.0909
18.4322
18.212
18.6412
18.8425
18.3484
18.2468
18.0884
18.4748
18.4327
18.5978
18.7728
18.1965
18.171
18.3692
18.4144
18.2828
18.1783
18.2904
18.0754
18.3785
18.3689
18.446
18.4436
18.1006
18.6969
18.5681
18.559
18.3731
18.4404
18.4312
18.4033
18.4545
18.4001
18.061
