4.18696
4.35672
3.88464
3.97169
4.35185
3.76933
4.05104
3.56577
3.57184
4.24912
3.9838
4.15548
3.651
3.81112
4.2133
4.01243
3.84907
3.99165
4.02488
3.71052
4.04945
3.60754
4.21829
3.65031
4.10687
3.85079
3.96196
4.07606
4.12263
3.8395
3.71431
4.11394
4.05521
4.43401
4.21148
3.53882
4.47109
4.08582
3.75227
4.36017
4.26185
3.82083
4.13829
4.14538
4.09929
4.07354
3.94113
4.1242
4.50331
3.72406
4.10278
4.0014
3.85124
3.94709
3.93637
4.21557
3.65037
3.92483
4.11897
4.353
3.85299
3.97375
3.98865
3.89121
4.2899
3.54456
4.02972
3.7251
4.21762
3.67752
3.92727
4.0632
3.93953
3.6802
4.08938
3.98931
3.79326
4.01842
4.18818
4.46375
4.04382
4.13357
3.98089
4.48729
3.91275
4.08446
3.52555
3.88479
4.43705
4.03862
3.72968
3.9456
3.76109
3.86808
4.02091
3.813
4.02865
4.22926
4.07218
4.17677
3.85878
4.33671
3.85211
4.38137
4.06037
4.26734
4.32006
3.8342
4.21349
3.93466
3.55084
4.04323
3.68674
3.84545
4.30205
3.97747
4.33724
4.29358
3.83913
3.70981
4.0731
3.94199
4.00936
3.56043
4.03559
3.73312
4.01217
3.98576
3.75009
3.64916
4.21818
3.99311
4.11417
4.05941
3.73273
4.22661
4.22947
4.08564
3.67649
4.2072
4.2802
3.93714
4.0554
3.88485
4.05089
4.0459
4.44271
4.31193
4.07501
3.97492
4.26994
4.06673
4.07255
4.4082
4.25571
4.47738
4.09186
4.27118
4.09562
4.46022
4.29278
3.80624
4.07087
3.80797
4.17874
4.11794
4.37146
3.71731
4.22441
3.95568
4.20307
3.82013
4.39297
3.96956
4.07307
4.02655
4.24758
3.96823
3.94944
4.02159
4.11281
4.37247
4.31166
3.83706
3.87711
4.32372
3.93499
3.96694
3.93194
4.34497
4.20848
4.14098
4.39743
4.29149
3.77106
3.88615
4.24518
4.18853
4.04365
4.43398
4.37344
4.32171
3.95761
4.2954
4.18606
4.0655
3.80148
4.32974
4.28514
4.19188
4.26868
4.43372
3.77204
4.14102
4.23625
4.30168
4.19393
4.54871
4.02575
4.07744
3.76065
4.10036
4.25937
4.13407
4.36815
3.77328
4.1847
4.51125
4.22258
3.69037
4.39934
4.41266
4.30815
4.29036
4.08584
3.97127
4.19867
4.23298
3.79536
3.93438
4.4722
3.93018
4.10034
4.29447
4.22977
4.00752
3.87936
4.22204
3.95977
3.98894
4.20768
4.25313
4.35628
4.10787
4.31186
4.31958
4.2954
3.81913
4.1166
4.22867
3.76478
4.45642
4.17039
4.19453
4.42507
4.38928
4.30699
4.54058
3.61292
4.74018
4.12741
4.33141
4.10887
4.24515
4.3505
4.34175
4.23997
4.28552
4.54397
4.55789
4.02254
4.2905
4.36225
4.47833
4.05365
4.30588
3.89267
3.87057
4.07174
4.27726
4.34234
4.11882
4.33471
3.88072
4.01677
4.04
4.12272
3.94496
4.24956
3.96382
3.91297
3.72026
3.79888
3.80464
3.76482
3.81572
4.25248
3.94283
4.03517
4.20705
4.20462
3.74981
3.96064
3.74537
3.96824
3.63554
3.89825
3.82269
3.91581
4.18152
3.94096
4.05069
3.7946
4.20916
3.99979
4.20057
3.97064
3.70119
3.85034
4.02616
4.1779
3.95679
4.01685
4.0266
3.93455
4.24358
3.97411
4.18444
3.89594
4.13932
3.99565
3.70115
3.92756
4.2709
3.95577
4.27105
4.30938
3.96451
4.46705
4.43075
4.14987
3.81487
4.19978
3.80779
3.52838
4.07057
3.97497
4.46434
3.91606
4.29247
4.20992
4.17489
4.3621
4.45219
3.66733
4.05245
4.28069
4.39439
3.74049
4.30686
4.35802
4.21985
3.79101
3.86124
4.0923
4.0527
4.08962
3.90533
3.99913
4.06829
4.36391
3.68148
3.94762
4.04535
3.72861
4.07909
4.23994
3.75869
4.18821
4.01044
4.44461
3.81451
4.03438
3.80274
3.95927
4.29146
4.20894
4.29459
3.97426
3.68917
4.16371
4.09632
4.14191
4.23892
4.1672
4.10641
4.01258
4.28721
4.06732
3.92558
4.0069
4.15493
4.06472
4.0298
4.21531
4.00075
4.12359
3.67354
4.29714
3.83233
4.39613
4.13507
4.04856
4.16086
3.62825
3.84272
4.21764
3.76788
4.51625
4.22027
3.84933
4.14845
4.02475
4.04947
4.38929
3.7496
4.05557
3.722
3.98112
3.43064
4.06123
4.07599
4.2315
4.16431
3.96985
3.74448
3.94019
4.07801
4.00534
4.06233
3.93423
3.9602
4.30971
3.85519
4.16022
3.99532
4.13724
4.3182
4.26626
3.68629
4.32875
4.02749
4.35549
3.76747
4.35457
4.51793
4.3524
4.1294
4.10104
4.00205
4.0431
3.91557
3.8081
4.16855
4.13012
4.11435
3.95227
4.00801
3.49578
4.23651
3.78615
4.17119
4.42709
3.85373
3.89763
4.1099
4.25951
4.37025
4.73559
4.30243
3.93215
4.25484
4.03116
4.17472
4.21964
4.411
4.34596
4.11171
4.22049
4.33942
3.91567
4.3073
4.47447
3.72841
4.05606
4.02931
4.31289
4.37872
4.2813
4.22534
4.28361
3.9761
4.25608
4.32325
4.16454
4.31212
3.83439
4.3742
4.34933
4.69555
4.00538
4.34551
4.415
4.16957
4.5096
4.10615
4.15266
4.49535
4.20632
3.95174
4.276
4.3013
4.84634
4.38702
4.5446
4.46921
4.2619
4.64239
4.50408
4.13299
4.15702
4.31477
4.2693
3.92376
4.17663
4.42609
4.44572
4.39716
4.42557
3.78096
4.40038
4.22373
4.33416
3.83824
4.51987
4.03915
4.67575
4.28623
4.34106
4.11068
4.36823
4.5213
4.55041
3.98236
4.32633
4.34295
4.24058
4.52627
4.17107
4.16724
3.97796
3.73769
4.30728
3.95758
4.72633
4.52128
4.00303
3.9433
4.26053
3.70678
3.88423
4.01418
4.28169
4.05857
4.28852
3.94091
3.49689
4.25785
3.92483
3.55146
4.20898
3.89409
4.03449
3.90525
3.94398
4.17292
3.59007
4.32577
3.70912
4.11972
4.16255
3.73305
4.10207
4.02784
3.93813
3.95894
4.32246
4.41999
4.25338
4.40632
3.88094
4.11261
4.28643
4.05245
3.95394
4.22284
4.07151
3.71821
4.06188
3.93296
4.03515
4.44297
3.98008
4.1019
3.90691
3.82574
3.87301
3.65099
4.19382
4.00204
4.23614
4.01726
3.78549
4.09012
4.38762
3.99438
3.85026
3.97821
3.66297
4.16707
4.26738
4.15258
3.72509
4.26239
4.02207
4.01623
3.79094
4.03403
4.10758
4.02154
3.86032
3.95578
4.28424
4.11
4.01748
4.26859
3.96981
4.01112
4.15344
3.76073
4.1428
3.81079
3.74778
4.33254
3.92415
3.87011
4.18956
4.06158
3.79197
3.58808
3.83999
3.90417
3.82598
3.97692
4.03565
3.82108
4.31707
3.83427
3.87657
3.92355
4.36288
3.96395
3.94856
3.86205
3.90959
3.90057
3.68179
3.88459
3.69044
3.95917
3.91388
3.91951
3.87062
3.63957
3.64423
3.98555
3.93917
3.38906
3.98578
3.94447
3.72877
3.83133
3.58099
3.61294
4.10852
3.55899
3.76211
4.04134
3.87576
3.74095
3.88606
4.07705
3.67684
3.79953
3.96686
4.07269
4.15552
3.91153
3.82469
3.88964
3.72983
3.5232
3.9919
4.23453
3.46569
3.75754
3.73006
3.92975
3.65979
4.0452
3.5637
3.98935
3.83079
3.75535
3.81887
4.34044
4.06015
3.89306
3.82576
3.85921
4.15457
3.87672
3.15488
3.77655
3.81952
3.90809
4.30635
4.00784
3.91766
3.64711
3.98446
3.80974
3.72433
4.08816
3.77617
4.11231
3.5251
3.9925
3.84057
3.86475
3.90436
3.79995
3.90278
3.62988
3.93175
4.07313
4.06862
4.13264
3.87738
3.69088
4.20391
4.04639
3.88006
3.98403
4.27061
3.6182
4.08494
3.89444
4.07654
3.98711
3.93558
3.87092
3.63222
4.13044
3.80268
3.74096
4.01842
3.85861
4.07672
4.01244
4.28746
3.73397
4.20099
4.19932
3.84483
4.1477
3.80249
3.54345
4.15362
4.08349
3.70532
4.0108
3.79731
4.2051
4.265
3.93113
4.12308
3.94317
3.78114
4.02976
3.71142
3.81707
4.13752
4.13279
4.1433
3.90211
3.74957
3.60946
4.3659
4.01714
4.10641
3.84679
3.87802
3.92523
3.92307
3.86693
4.03851
3.93431
3.80003
3.78962
3.86456
3.92332
3.99805
3.89618
4.16439
4.10016
3.75795
3.77947
4.59035
4.22183
3.79266
3.75511
3.71229
3.88612
4.18499
3.59525
4.07295
3.55431
3.18551
3.84454
4.01797
3.80174
4.08263
4.12719
3.93683
4.25385
4.21745
4.07093
4.30728
4.21079
4.05561
4.14669
3.56647
3.79506
4.21658
3.81465
4.17875
3.71806
3.98345
4.03165
4.11063
4.19366
3.85086
4.3541
3.97781
3.94338
3.88491
4.1154
4.34117
4.36412
4.0358
3.64678
4.34304
4.10859
4.3226
4.44656
4.23974
3.9021
4.08426
3.99037
4.13205
3.97514
4.34837
4.18795
4.43291
4.3838
3.97125
3.91689
4.15288
3.83813
4.08621
3.95096
3.89744
3.83343
4.29014
3.97624
4.11808
3.87027
4.38139
3.69279
3.94389
4.24593
4.50309
3.75033
4.37892
3.80652
4.28261
4.37233
4.4046
4.0816
4.30529
4.00593
4.18638
3.94036
3.84686
4.21506
4.11857
4.03722
4.2015
4.58295
3.96657
4.13978
3.82397
4.21392
4.10345
4.18275
3.82505
4.42952
3.91683
4.29149
4.0831
4.11159
4.07454
3.88251
3.65294
3.9913
4.30863
3.90676
4.12591
3.65136
4.46159
4.15233
4.1427
3.94666
3.73583
4.51885
3.67563
4.00911
4.23185
4.17481
3.81057
4.05418
4.09211
3.99547
3.83337
4.02453
3.97813
4.38095
4.14307
4.14598
4.02125
4.17004
3.943
4.12048
4.46349
4.14636
4.02083
4.6074
4.35643
4.13841
4.13036
4.46866
4.02275
4.19688
4.06384
3.95059
4.26666
4.28869
4.03202
4.11182
4.29666
4.01227
4.29025
4.27329
4.26893
3.85649
4.66313
3.70487
3.92796
4.22452
4.29915
3.92394
4.34456
4.40657
4.0057
4.43488
4.08767
4.22445
4.03092
4.10195
4.32279
4.13166
3.88815
4.28453
4.27318
3.94188
4.02195
4.27922
4.56364
4.29356
3.87136
3.82514
4.17571
4.19274
4.26142
4.38838
4.05677
4.19625
3.69875
4.18213
4.04283
4.10817
3.56466
3.99391
3.88207
3.92513
4.12766
3.84956
4.51017
4.15996
3.97295
4.4209
4.12594
4.26535
4.20259
4.05301
3.8694
3.56539
3.87951
3.53061
3.8906
4.15408
4.4361
3.87578
3.8033
3.96716
3.9778
3.67349
4.25051
3.92461
4.07245
4.08273
4.30963
4.03052
3.97441
3.89738
3.91134
4.06675
3.9889
4.00904
3.90465
3.83818
3.87799
3.8367
4.0158
4.3059
3.90449
4.12308
4.3082
3.64137
3.94049
4.47056
4.10502
3.8509
3.98583
3.73612
3.76231
4.10705
3.82293
4.10275
3.91723
3.80622
3.78785
4.19235
4.2423
4.01449
3.79536
4.00708
4.05709
3.99391
3.78261
4.34827
4.42509
4.14494
3.81699
3.87616
3.92308
3.81983
3.49305
3.67996
3.98992
4.17726
4.35178
3.51776
4.28014
3.85577
3.64558
4.19287
4.09991
3.79282
4.23572
3.9909
3.95012
4.10997
3.88182
4.48015
4.01096
4.36847
4.53405
3.92286
3.84365
4.22395
4.39671
4.23757
4.19572
3.98709
3.90402
4.4716
4.33568
3.86188
4.16768
4.29779
4.24979
4.2053
3.99757
3.97733
4.0752
4.2197
4.46922
4.34508
4.09265
4.43351
4.47343
4.42646
4.58415
4.48411
3.748
4.32654
3.98188
4.28405
4.03259
3.96324
4.35843
4.16978
3.91103
3.99476
4.22666
4.45843
4.09839
3.91439
4.10555
4.4085
4.56765
3.75553
4.06538
3.92306
4.60321
4.21731
4.33394
3.94984
4.26913
4.14452
4.11084
3.86357
4.24247
4.36425
4.38025
3.83546
4.39683
4.58296
4.23633
3.87203
4.14889
3.98024
4.22234
4.06161
3.89987
4.23539
4.23399
4.31618
4.27149
4.17349
3.95015
3.78483
4.22243
4.22871
4.00655
3.75747
3.92642
3.83799
4.0839
4.30025
3.92698
4.00493
4.25213
4.05838
3.64584
3.64461
3.8824
3.90016
3.72661
3.60725
3.917
3.98074
4.33577
3.82678
3.81351
3.96548
4.13855
4.23241
4.13262
3.7206
3.95631
3.48946
4.11647
3.81907
3.69135
3.85416
4.28963
4.56749
3.70729
3.91933
3.81019
4.22455
4.39327
3.80228
3.72548
3.8945
4.03089
4.07862
4.04875
4.05325
3.80203
4.23528
4.20944
4.01831
3.96215
4.15828
4.12575
3.55347
3.81117
4.25777
4.34837
4.28831
3.72882
4.00482
3.80794
3.96699
4.04053
3.51376
3.68331
4.3219
3.97885
3.79704
4.30704
4.19079
4.15488
4.04802
4.18185
4.41769
4.07899
3.49758
3.81295
3.69495
4.18687
4.02866
4.11866
3.88345
3.6191
3.69613
3.67133
3.72535
4.12611
3.80345
3.50193
4.09757
4.20064
3.98406
4.41622
4.18029
4.08135
3.92217
3.90796
4.31063
3.61724
4.07033
3.77802
3.83494
3.92135
4.31374
3.96338
4.08131
3.98154
4.10734
3.93749
4.21048
3.91282
4.05851
3.95314
3.58217
4.21356
4.03096
4.01715
4.29762
4.14406
3.90831
3.88308
3.75574
3.85046
4.04476
3.96991
4.25543
3.44752
3.70603
4.13453
3.78284
4.12508
3.94885
4.67151
4.10904
4.12528
3.79125
3.6394
4.0234
3.88752
3.69317
3.90375
4.33014
4.09671
3.76616
3.99311
3.73929
4.0164
3.87059
3.84729
4.21781
4.23757
4.14437
3.87277
3.82441
4.1242
3.94082
3.70608
4.36646
3.7267
4.07994
4.29912
3.77786
4.28173
3.93208
3.94128
4.11674
4.06157
4.08929
4.07773
3.95282
4.03541
4.07091
3.77749
3.87297
4.44187
4.37762
4.02999
4.02198
3.81731
4.19943
3.55156
3.74142
3.69704
4.18957
3.86903
3.87417
3.56791
4.01707
4.31409
4.15506
4.22642
3.93276
3.94929
4.03672
3.77355
4.05283
4.10479
4.0907
4.16997
3.46993
3.77304
4.36701
4.02768
3.88891
3.96917
3.97626
4.09685
3.82253
3.83138
3.88654
4.19128
4.40845
4.13165
3.95493
4.30182
4.36083
3.9578
4.24583
3.75504
3.88817
4.11497
4.07501
3.5808
4.11431
3.78463
4.09815
3.54902
4.46249
3.76086
4.24875
4.56368
4.2505
3.77991
4.01901
3.84223
4.51686
3.71757
3.99493
3.96987
3.97368
3.80678
4.08099
4.07406
3.96058
3.86331
3.9209
4.15124
3.97879
4.04144
4.16508
4.32983
4.0747
3.56555
4.02443
4.06583
3.65445
4.13345
4.06042
3.93535
4.39185
4.53233
4.30936
3.9623
4.03907
4.13703
3.8821
4.48484
3.74799
4.08421
4.09886
4.19068
4.09952
4.2204
4.14524
3.96002
3.82651
4.31229
4.5342
4.34972
4.17197
4.56755
4.2726
4.08777
3.90394
4.27098
4.252
4.26235
4.32297
3.90623
4.29089
4.50695
4.52081
4.31177
4.40761
3.90227
4.20207
3.92251
4.26739
4.19971
4.44016
3.87956
4.25746
4.46181
4.49929
4.14874
4.3884
4.46405
4.19188
3.97195
4.07736
4.38876
4.06339
4.37898
4.08171
4.45182
4.20647
4.2278
4.38538
4.4119
4.12998
4.17097
4.55284
4.14311
4.30394
3.88115
4.29253
4.20893
4.23257
4.39228
4.10324
4.71323
4.4005
4.29555
4.6061
3.54885
4.29002
4.22552
4.21366
4.23901
4.28451
4.01818
4.03005
4.08321
3.92247
3.92527
4.03224
3.66833
4.19063
3.82594
4.08169
3.74852
4.08424
3.86528
3.91122
4.0284
4.1203
4.33507
4.33551
4.07963
3.78254
4.47679
4.02713
4.2152
4.21227
4.1733
3.82137
3.92858
4.21257
4.01585
4.03571
4.21438
4.41104
4.37318
4.21804
3.78886
3.90668
4.25632
4.32093
4.11307
4.31542
4.00966
4.23268
4.0553
3.74966
3.86609
4.54206
4.18219
3.67071
4.12746
4.07355
4.42759
4.19854
4.39883
3.82721
4.47431
4.10927
4.20689
4.25454
4.27096
4.13965
4.03848
4.26095
4.45267
4.57455
4.1524
3.78432
4.22329
4.1515
4.22747
4.16085
3.85138
4.05648
4.30452
3.77429
3.91801
3.83805
3.71082
3.88752
3.89086
3.92496
3.84229
4.08494
3.98255
4.23717
4.13746
4.33263
4.13138
4.01068
3.64397
3.79061
3.75315
3.93227
3.84804
3.99158
3.89124
3.82912
4.06221
4.08691
4.27401
3.91378
3.85353
4.11766
4.00615
4.07077
4.3976
3.64877
4.11745
4.42801
3.90582
4.08406
4.10558
4.38836
4.02524
4.37974
3.95528
4.05614
4.20865
4.36928
4.03806
4.37327
4.20631
4.12833
3.80286
4.04992
3.97234
4.15398
4.08457
4.08782
4.11501
3.82449
3.87825
4.43836
4.16105
4.55458
4.11373
4.20663
4.03843
4.45244
3.98455
3.91939
3.9428
3.90427
4.16805
4.06152
4.28874
4.27379
4.14957
4.0033
4.5927
4.23795
3.99046
3.9803
4.23242
4.24312
4.1713
4.06554
3.71417
3.96661
3.82428
3.83136
3.87876
3.59498
4.35707
3.99241
4.10203
4.27973
3.96651
4.39629
4.44093
4.26377
4.23236
4.00267
4.13725
4.04622
4.23022
4.52572
4.02941
4.29861
4.28101
4.53688
4.24763
4.28197
4.35879
3.9346
4.31912
4.20214
4.09305
4.40693
4.39317
4.36033
4.52661
4.54046
4.24705
4.15394
4.13137
4.21438
4.18584
4.38561
3.89748
4.11835
4.35456
4.36752
3.9685
4.09237
4.26114
4.08834
4.68623
3.79663
3.81638
4.2495
3.99646
4.26319
4.56635
4.71046
4.12156
4.9934
4.52836
4.46383
4.1298
3.99566
4.13689
4.1048
4.15916
4.3071
4.32293
4.34361
4.15264
4.56556
4.12226
4.71739
4.32393
4.33562
4.36901
4.12746
3.72656
4.43896
3.98206
4.2501
4.18475
4.15337
4.05689
3.93837
3.99103
3.89838
4.33088
3.5135
3.85403
3.86526
3.90981
3.78915
3.5004
3.8245
4.04846
3.62294
3.89882
4.37274
4.2915
4.31371
3.9335
3.88295
4.16363
3.6635
3.93229
4.0213
3.94835
3.7266
4.28337
4.03597
4.07423
4.00633
4.12921
4.12612
3.90406
3.92007
3.8853
4.2201
4.25986
4.04313
3.73036
3.97578
3.98271
4.05629
3.99367
3.8667
4.11463
3.95046
3.94111
4.07604
3.59901
3.98556
3.94469
3.97555
4.16964
3.90912
4.12675
3.9857
3.84277
3.70701
4.00233
4.13617
3.9585
4.11993
4.08688
4.30011
4.03497
3.95358
4.03897
3.96365
4.03068
3.72864
3.82674
4.06499
4.10228
3.96636
3.94595
3.74818
3.99813
4.00841
4.07925
3.77429
3.81248
3.50139
3.94626
3.83676
3.84202
3.90415
3.89673
3.89457
3.94219
4.19238
4.26728
3.58838
3.99372
3.76719
4.13329
4.14961
4.00087
3.56388
3.90635
4.20497
4.07722
3.74455
4.14062
4.26861
4.45528
4.52927
4.27458
3.9118
4.01016
4.51183
4.02111
3.96607
4.21024
3.77247
4.14349
3.94358
3.98524
4.1973
3.78231
4.40811
4.13619
3.66475
4.24902
3.96697
4.0965
3.67868
4.02472
3.94063
4.34926
4.16515
3.85774
3.89645
4.02299
3.91411
4.21698
4.00848
4.42581
4.51884
4.39821
4.04685
4.05095
3.88151
4.19779
3.92274
3.91684
4.14061
4.09374
4.02246
4.13444
3.74236
3.97667
3.78299
4.10997
3.80624
3.95173
3.72513
4.00311
4.0272
3.96072
3.79614
4.03409
3.97025
3.69634
4.17057
3.773
3.76293
3.87714
3.77406
3.75753
3.83691
4.21229
3.74495
4.2754
4.00532
3.43244
4.06216
3.72985
3.80953
4.0381
3.61713
3.82925
3.85536
3.86781
3.7729
3.82229
4.07447
4.24625
4.2258
3.82284
3.97499
3.85405
4.19515
3.81346
3.69782
4.20987
3.5552
4.01666
3.87276
3.96441
4.17523
4.20942
3.90036
3.84807
3.84019
3.69718
3.61658
3.6792
3.97875
3.91038
3.66874
4.02486
3.82194
3.92923
4.12225
3.98722
4.14931
3.96488
3.88713
3.85348
3.55559
4.01873
3.84082
4.37585
4.15842
3.54593
4.22981
4.0279
4.09638
3.80697
3.76756
3.98288
3.87614
3.96703
4.12992
3.70404
3.86315
3.81686
3.5687
4.0633
4.11548
4.02929
3.84763
3.69401
4.1594
3.61127
4.03428
4.15201
4.03705
4.05347
3.98272
3.51632
4.36115
3.81968
4.21616
3.89831
3.79501
3.79289
4.49642
4.18781
4.20515
3.90989
3.95427
3.90011
4.03042
4.01503
3.51645
4.27503
4.52759
4.33871
4.18002
4.10805
4.07368
4.1864
4.08703
3.89594
4.17412
3.83341
4.00923
3.97872
4.05735
4.332
3.84177
3.88056
3.93078
4.00331
4.4835
4.26046
4.31122
3.89341
4.01945
4.30041
4.56641
4.27954
4.08932
4.41283
3.77198
3.79295
4.062
4.11867
4.12706
3.83521
4.19957
3.97396
4.01009
3.88323
3.77263
3.93255
3.85991
3.38471
3.78834
4.11577
4.15412
4.18401
4.08343
4.03762
3.38011
3.89177
3.62153
4.26186
3.96563
4.03482
3.94306
3.72007
3.99793
3.91608
4.00036
3.73807
3.74621
4.00677
3.97878
3.69425
3.85687
4.01177
3.64945
3.57404
3.88303
3.61811
3.90707
4.26188
3.59626
3.81684
4.00829
4.21193
4.18638
3.6769
4.13375
4.0534
4.414
3.79226
3.78452
3.89605
3.73234
4.03749
3.69116
3.54646
3.84775
4.04436
3.70546
4.02202
3.84819
3.95905
3.93977
4.35142
3.48685
4.48718
3.8106
4.16949
3.66672
3.6502
3.80339
3.87675
4.10458
3.63371
4.19059
3.88552
3.91788
3.41963
3.95619
4.14693
3.92464
3.94278
3.86065
3.65499
3.83727
4.05241
3.81737
3.94656
4.20903
3.90201
3.96525
4.00682
3.70415
4.36336
4.18133
3.74936
3.90765
4.56309
4.20339
3.94222
4.10912
3.67269
3.87898
3.65906
4.11969
4.22605
3.61237
3.9901
4.11577
3.9145
3.61294
4.28942
4.29709
4.06255
4.22742
3.67272
4.04493
4.33484
3.98373
4.33405
4.13595
4.16395
4.21156
4.09029
4.29466
3.82632
4.25113
4.21455
3.96728
3.95532
3.95923
4.45942
4.47117
3.95996
3.98365
4.13769
4.24494
4.0643
3.77166
4.13442
4.4641
3.89081
4.03065
4.51728
4.28066
4.07598
4.10221
4.00137
4.22361
4.2094
3.82727
3.76807
4.05991
4.16679
4.03803
3.75166
3.84776
3.89725
3.99972
4.21672
4.13375
3.82438
4.22473
3.89836
3.87577
3.67576
3.89108
3.99796
4.08052
4.15027
3.84208
4.18981
3.93533
3.87053
3.55594
3.70557
4.36236
4.01534
4.00444
4.04171
4.39104
3.69432
4.02843
4.14508
3.83562
4.08885
4.19945
4.06464
3.85053
3.99632
4.1451
4.04929
3.60787
3.9244
3.96029
3.85143
3.90627
3.84062
4.18103
4.03839
3.95629
3.67201
3.94885
3.90015
4.05735
3.81809
4.21861
4.01314
3.61963
3.56631
4.04458
3.55043
4.2187
3.83361
4.33384
3.8614
3.77218
3.79713
3.72276
3.85948
4.13286
4.19436
3.61885
3.77893
3.61235
3.8067
4.13496
3.7039
4.20154
4.17586
3.61139
4.11018
4.25814
3.90745
3.81498
4.08287
3.90838
3.81524
4.0588
3.70902
4.04024
4.04297
3.83632
3.99956
3.87991
3.57665
4.2276
3.9185
4.03278
3.63271
3.74841
3.74842
3.57213
3.88976
4.06144
4.21895
4.04749
4.08388
3.60656
3.70198
3.87768
3.76608
3.66194
3.65327
3.77975
3.92866
4.16134
3.62306
4.26958
3.75794
4.29234
4.03837
4.00316
3.84289
3.42472
4.12238
3.86059
3.9184
3.81043
3.83841
3.8913
3.88862
3.99863
3.94132
3.94897
3.95863
4.01639
3.6499
3.83569
4.00909
3.99157
3.79194
4.16084
4.29569
4.30049
3.78402
4.10157
3.94292
4.14174
4.24617
3.3656
4.09421
3.54591
3.79986
3.76423
3.9962
3.66455
4.01721
3.70038
4.37103
3.98806
3.99503
4.13375
3.89737
4.09928
4.07809
3.83576
4.02142
4.05103
3.59811
3.92783
3.67815
3.45737
4.3637
3.77844
4.04446
3.88816
4.14891
3.88753
4.19649
4.2439
3.8599
4.10932
4.01885
3.8409
4.00118
4.41467
4.09018
4.10558
3.96614
3.62226
3.99316
3.98199
3.94638
3.82727
3.86916
3.82316
4.08961
3.83998
4.21488
4.18714
4.25346
4.01396
3.96022
3.87912
4.0468
4.08684
3.97638
3.99203
4.49264
4.24739
4.19384
3.79744
4.04253
4.09747
4.43487
3.68818
4.12522
4.12593
4.23001
3.8232
3.83178
3.96875
3.80743
3.68122
3.81035
4.14377
3.74456
4.36235
3.99203
4.00971
4.1514
3.88009
3.88269
4.3208
4.18631
3.86767
4.39522
3.99415
4.41781
4.23405
4.189
3.90431
4.145
3.91222
4.28556
4.24618
4.41575
4.06999
4.53392
4.23075
3.87999
4.21486
4.23666
3.78307
3.97882
3.84459
3.8769
3.91629
4.40213
4.03645
3.95369
4.58766
4.24616
3.70693
4.32636
3.93975
4.02953
3.91446
4.30375
3.8976
4.3133
4.52811
4.2902
3.92938
4.27197
3.83268
4.18429
3.87656
4.29416
4.05719
3.99729
4.21342
4.37928
4.12797
3.81352
3.90495
4.24803
4.27274
4.14697
3.82948
4.21605
4.16848
4.13412
4.34228
4.31722
3.80882
3.98039
3.95307
4.21753
3.63323
3.88679
3.80131
4.08995
4.10063
3.03053
3.98839
3.90135
4.06739
4.05921
3.81728
3.84316
4.42524
4.46095
4.22482
4.19118
4.05288
4.11325
3.90712
4.01102
4.03131
4.00704
4.00011
4.01917
3.74469
4.03064
3.60741
4.2143
4.12155
3.94519
3.95111
3.84402
3.86363
3.8578
4.0282
3.85682
3.8176
4.18334
4.16433
4.07708
4.24222
3.48744
4.1076
3.9722
4.05392
4.18966
4.16721
4.07852
4.20455
4.2501
4.00879
4.34337
4.09628
4.04643
4.31918
3.95095
4.01633
4.07224
4.26078
3.83106
4.13453
3.81767
3.72164
3.45974
3.54726
3.92833
3.94867
3.86436
3.69887
3.84365
4.41051
4.18907
3.99008
3.70523
4.02351
4.23446
3.93327
4.29573
3.91928
3.90348
4.06185
4.16299
3.73364
4.05159
4.18408
4.02385
4.28446
4.06216
4.05545
3.83071
4.17354
3.8224
4.306
4.02315
3.83878
4.1925
3.86781
4.34337
3.80655
3.96967
3.78635
4.01212
4.00619
3.59245
3.8618
4.16767
3.94965
3.98873
3.78113
3.92695
3.79072
3.69277
4.54221
4.24451
4.20248
3.98783
4.1371
4.2413
4.13058
4.28252
4.10481
4.32055
4.01918
3.63631
4.20131
4.24243
3.86925
3.94482
3.58296
4.02802
4.02182
3.57772
4.189
4.29075
3.61687
4.10324
4.01779
4.427
4.00188
4.30361
4.00399
3.68311
4.08592
3.98938
3.92028
3.93138
4.28299
3.9993
4.16576
3.99938
3.62845
3.97055
4.13532
4.56952
3.88238
3.62683
3.68494
4.02761
3.69751
4.03965
4.0154
4.03727
4.43568
4.22346
4.10571
3.9055
4.13243
3.9259
3.55727
4.06371
3.50236
4.02116
4.24577
4.22784
3.98031
4.49467
3.82014
3.97895
3.82001
3.9009
4.06458
4.06351
3.84602
3.88424
4.10141
4.23907
4.09035
4.11402
4.09619
4.02688
3.69039
3.49931
4.2005
3.8183
3.95182
3.90073
4.153
3.90419
3.83236
4.06805
3.62532
4.15619
3.87605
3.98157
3.74828
3.95203
3.70567
4.11901
3.97582
4.43393
4.57322
3.80813
3.71532
4.50165
3.85462
3.99431
4.33379
4.32778
3.70815
3.99528
4.06962
4.20989
4.29462
4.41154
3.96704
3.49862
4.16334
4.05945
4.17187
4.35442
3.71058
4.30149
4.21643
4.1867
3.93844
4.25585
4.23296
3.77977
3.65345
4.19728
4.25495
4.12981
4.15748
4.07821
4.22572
4.03928
3.7495
4.31811
3.79917
4.07327
3.81753
4.18787
4.40701
4.43593
4.20421
4.27125
4.20507
4.28372
3.9906
4.58925
4.27504
4.22438
4.4132
3.99731
4.27014
3.92603
4.00967
4.32332
4.13435
3.96967
4.48024
4.16307
3.63334
4.22421
4.4025
3.82412
3.91852
4.37945
4.51651
4.21508
3.77752
4.27263
4.23318
4.02517
4.11675
4.08651
3.99044
4.12327
4.30519
4.28982
4.1416
4.39382
4.12555
4.46032
4.20529
4.05624
4.39061
4.18685
4.03443
4.10042
4.11508
4.1711
4.10242
4.15664
4.17338
4.32703
4.47428
4.02132
4.26953
3.82075
4.07267
4.16308
4.6178
3.96656
4.17824
4.5754
4.26651
4.10217
4.09462
4.15158
4.47678
4.39985
4.0447
4.02858
4.44721
4.58165
4.43144
4.25574
3.7244
3.75937
4.06573
4.06303
4.45208
4.12585
4.10741
4.06905
4.57012
3.91095
3.96719
4.11269
3.84645
3.64285
4.1145
3.72396
4.05418
3.85345
4.19175
4.07508
4.04244
4.25566
3.82921
4.01779
4.36124
4.13296
4.0657
3.91718
4.1048
4.1469
4.12289
3.98513
4.13033
4.1111
4.05849
4.08056
4.24394
4.2957
4.26498
4.11077
3.53734
3.93354
4.01085
4.33379
4.15723
4.29773
4.41104
4.15048
4.23861
4.10202
3.90576
4.22761
3.93504
4.29096
4.3292
4.4055
4.11393
3.57395
3.98021
3.91921
4.59357
4.4138
3.53405
4.15263
3.98119
3.97768
3.64751
4.29767
3.84703
4.05023
4.16253
4.14824
4.01159
4.05935
4.09419
3.71077
3.72932
4.4378
4.4472
4.09806
3.91151
3.95926
4.20102
3.97325
3.94177
4.12422
3.82991
4.09632
4.03609
3.92204
4.09074
4.00959
4.10768
4.4318
4.01781
4.0398
3.74555
3.84322
3.69418
4.08324
3.911
4.09621
3.62556
4.12572
3.88296
3.87347
3.71364
3.97422
3.71886
4.36633
3.91785
4.23167
3.7595
3.9612
3.69389
3.87534
4.04914
4.02002
4.36161
4.1323
3.7639
4.08079
4.21296
4.30676
3.70079
3.80527
3.81418
3.75003
3.43856
3.8988
3.98175
3.9027
4.0329
3.75436
4.38516
4.20451
4.37188
4.13551
4.44725
4.40637
4.01504
4.03544
3.46199
4.35414
4.07513
4.10683
4.25837
3.9627
4.23422
4.30549
4.22463
4.18821
4.2497
3.987
4.46202
4.0543
4.12671
4.20699
4.09797
4.33729
3.93612
3.89214
4.20527
4.15759
4.17892
4.25957
4.16296
4.16113
4.00883
4.26325
3.69783
4.54268
4.22421
4.35829
3.8503
4.4275
4.05599
4.49577
4.42091
4.1911
3.98211
4.07172
4.08188
3.73733
4.03941
4.28955
4.18206
4.1088
3.97609
3.99959
4.0765
4.26942
4.07898
4.33907
4.29229
3.73967
4.07437
4.13658
4.11409
3.83394
4.20035
4.21211
3.88451
3.96836
4.11715
3.97447
4.37662
4.21279
3.78504
4.43292
4.10845
4.1577
3.82414
3.68303
3.76556
4.3321
4.06997
4.21241
4.17436
3.95615
3.93977
3.83718
3.84772
4.08753
4.42431
4.38575
4.12968
4.51437
3.91207
4.0266
3.81608
3.45922
3.72255
4.44545
4.34615
3.91265
3.91198
4.15814
4.13513
4.04657
3.97573
4.30194
3.81105
4.27492
4.0399
3.85982
4.29231
4.04442
3.97477
4.07633
3.9704
3.9792
3.59644
4.29386
4.15591
3.60569
3.82272
4.12737
4.19645
3.77001
4.00073
4.15631
4.07203
3.76421
4.09134
3.71324
4.12363
3.67638
4.11031
4.3412
4.01732
4.07197
4.27161
4.33506
3.85949
4.21089
3.82827
3.92359
3.77265
3.96136
4.11437
4.19518
3.88755
3.75898
4.32095
4.35339
4.00894
3.89942
4.0386
4.57295
3.73058
3.98364
4.02584
4.5665
4.1299
4.00181
4.12424
4.3578
3.83187
4.284
4.17079
3.75093
4.15527
3.92461
3.67933
4.45479
4.08369
4.26535
3.76519
3.58441
4.054
3.7018
3.83556
4.40647
3.69408
3.89355
4.17645
4.02803
4.17696
4.26842
4.16182
4.23813
4.11447
3.89868
4.63677
4.29011
3.76108
3.39359
3.8239
3.97753
4.00195
3.91457
4.27567
4.1172
4.42443
3.99889
3.80133
4.22659
4.23387
4.14424
3.42835
4.22649
4.34816
3.99444
4.15456
4.02527
4.25098
4.39296
4.27186
4.28839
3.90797
4.28706
4.34778
4.52346
4.2217
4.15621
4.38089
4.08393
4.04516
3.90118
4.23007
4.54279
3.81778
4.29514
3.80662
4.17328
4.48965
4.40784
4.19955
3.75639
3.88048
3.55699
4.19203
4.38315
4.12128
4.16963
3.80415
4.15595
4.16522
3.80677
4.0481
3.93308
4.20767
4.0106
3.59201
4.1217
3.97243
3.98287
4.12142
4.10712
4.50945
4.00353
3.95649
4.29707
3.74495
3.73981
3.93714
3.93153
3.97618
4.38382
3.88427
3.87827
3.82852
4.10654
3.7773
4.19859
3.66402
4.13437
3.69285
3.66057
3.85592
3.93506
3.92893
3.91818
4.02105
4.12224
3.68809
4.10064
4.37379
3.94325
3.66506
4.25787
4.20857
4.29646
3.74297
4.03171
3.79815
3.57189
3.57878
3.97318
3.97674
3.8832
4.03361
3.83994
4.19435
3.85029
3.67521
4.04607
4.07166
3.87467
3.95024
4.20743
3.75699
3.79117
3.87467
3.89264
3.79742
3.90449
4.31622
3.89946
3.97426
3.95799
3.64285
3.90494
4.04132
3.89398
4.06555
3.81871
4.00802
3.81009
3.69863
3.92325
4.11084
4.51654
4.48509
3.95258
3.805
4.02451
3.78219
3.91874
4.03472
3.82399
4.08196
3.97102
4.09039
4.11595
3.83818
3.41542
4.14915
4.03301
3.9064
3.92475
3.81902
3.8431
3.4777
4.06756
4.01832
4.15215
3.50973
3.88587
3.78896
3.88036
4.21296
4.26827
4.39024
4.37113
4.74312
4.24692
4.26733
4.31592
4.038
4.3456
3.98019
4.37631
4.12201
3.79789
4.5573
4.65377
4.4662
4.28189
4.14468
4.35401
4.38598
4.35887
4.1307
4.33803
4.18339
4.00953
4.26908
4.57896
4.30539
4.39336
4.34408
4.77733
4.42797
4.12684
4.30435
4.56141
4.31445
4.69866
4.36964
4.40807
4.10955
4.18934
4.09377
4.47317
4.57028
4.61402
3.54082
4.38928
3.96643
4.23888
4.56758
4.29128
4.13429
4.40301
4.03928
4.10816
4.11853
4.40277
4.08859
4.6207
4.02254
3.44795
4.224
4.36524
4.15157
3.94336
3.98275
3.9176
4.12482
4.01727
4.22974
4.3257
3.93859
4.19131
4.07725
4.20129
4.04435
4.30096
3.62778
3.96752
4.32907
3.96465
4.52499
4.42013
4.23016
4.45533
3.89759
4.47951
4.15876
3.91478
3.97089
3.96858
4.29325
4.36836
4.30253
4.0547
4.0824
4.11722
4.17009
4.06385
3.9302
3.9649
4.13535
4.03714
4.33854
4.21545
4.19099
3.97903
4.3775
4.24309
4.07759
3.84199
3.87234
3.99933
3.94867
3.96504
3.95392
4.25338
3.98022
4.13238
4.23116
4.51003
4.35009
4.62486
4.16542
4.1356
4.16087
3.93798
3.87707
3.76901
3.84314
4.25062
4.32698
3.92897
4.3841
4.40943
4.20413
4.39442
3.9787
4.3946
3.85801
4.17093
3.79261
4.17958
4.16174
4.10639
4.28529
4.58052
4.40803
4.21947
3.71069
3.73213
3.73849
4.2189
4.21605
3.87703
3.73154
3.71232
3.9783
4.16163
4.31793
4.13439
4.31038
3.85543
4.02992
3.90128
4.46049
4.17052
4.18347
3.83464
3.76504
4.40981
4.02615
4.26705
3.78935
4.51888
3.84435
4.11858
4.27779
4.02447
4.40887
4.16634
4.21429
4.30796
4.03934
4.22717
4.02506
4.1093
4.13348
4.13541
3.83831
3.5849
4.21338
4.16582
4.04676
4.06008
3.71116
4.03232
4.47452
4.17929
4.24238
3.9693
3.87074
3.69827
3.98613
4.35221
4.26138
4.05266
3.69619
3.77342
4.05455
3.93357
3.74881
3.70439
4.42718
4.18657
4.11175
4.06686
4.24933
4.17335
4.02102
4.05851
4.03688
4.12701
3.66447
3.98532
4.12047
4.36925
4.32561
3.94545
4.26266
3.84136
3.99092
3.84613
3.7989
3.73647
4.42465
4.03155
4.11566
3.70244
4.09436
4.08449
4.08867
3.61839
4.16
4.0678
4.10456
4.23263
3.84512
4.2518
3.73807
3.93171
4.04293
3.7466
3.98306
3.86079
3.98149
3.93773
4.11857
3.92299
4.11171
4.10737
3.412
3.70852
4.03555
4.04896
4.05632
4.15682
3.85424
4.14511
4.22917
4.1927
4.21362
4.15339
4.18059
4.07144
4.03428
4.01119
4.44245
4.27295
4.23744
4.15656
4.03224
3.97155
4.32768
3.77822
4.22743
4.3667
4.19753
4.04087
4.13024
4.51141
4.30508
4.20668
3.90824
4.24804
4.1598
4.05449
3.55779
3.97096
3.94991
3.82349
4.24779
4.42218
4.04311
4.08017
4.09685
3.86522
4.37733
4.38756
4.33578
3.87138
4.0091
3.90565
3.90711
3.9986
4.30905
4.13029
3.92085
3.85624
4.11052
4.42331
4.09345
4.19636
4.16472
4.50055
4.60488
4.40855
4.33021
4.66366
3.99746
4.01136
4.24214
3.94002
4.21328
3.68418
4.19555
4.23531
4.21816
4.2448
4.17762
4.34582
4.22828
4.35509
4.16079
4.65216
4.26254
4.48253
4.16039
4.22082
4.16077
4.23485
4.14867
4.25114
3.81022
4.47972
3.80405
4.48662
4.11999
4.23883
4.67494
3.98222
3.84195
4.41173
4.06138
4.35323
4.69954
3.96448
4.43931
3.94782
3.99732
4.15157
4.21165
4.15659
4.23267
4.48719
4.04013
3.79465
4.36501
3.84981
3.97567
4.30062
4.08082
3.88743
4.08873
4.06969
3.85137
3.93648
4.03437
3.78592
4.11784
4.47661
4.01377
3.68422
3.88229
4.0497
4.34067
4.23622
3.54185
4.43982
4.10396
4.46115
4.11835
4.01213
3.96097
3.71377
3.89873
4.24344
3.86024
4.24297
3.93174
3.7142
3.98846
3.50949
4.07273
3.8711
4.15133
4.1725
4.16037
4.20507
4.57695
4.03426
4.27022
3.97585
4.0366
4.33651
3.81469
3.96088
3.79526
4.21864
4.25635
3.35539
4.08945
3.99769
4.2123
4.07798
4.19099
4.15803
4.43016
4.17317
4.1927
3.74241
4.08846
4.18515
4.19445
4.09565
4.1383
4.36409
3.84967
4.13369
3.90491
4.20774
4.27414
3.78191
3.66379
3.75342
4.14047
4.17458
4.16885
4.14741
3.94336
3.81697
3.82287
3.84241
3.93295
3.97323
3.87233
3.66384
3.89296
4.10196
4.32375
4.07169
4.29219
3.91358
3.73484
4.27054
4.12777
4.22306
3.81381
3.78877
3.83037
4.1279
4.21583
3.78541
4.24031
3.77046
3.98537
4.35695
4.01949
4.31277
4.08004
4.18484
3.96484
3.77988
4.23563
4.38606
4.16495
4.40871
4.07331
4.52502
3.94878
4.25079
4.35838
3.85182
4.15167
3.88922
3.85627
4.01107
4.15218
4.11514
3.9217
4.11918
3.9293
4.28511
4.2563
3.91331
4.05738
4.21009
3.99348
4.35137
4.18866
4.51477
4.13234
4.49284
4.38692
4.21621
4.13881
4.39297
4.256
4.08287
4.19968
4.02577
4.27186
4.19853
3.96771
4.36561
4.50246
4.07916
3.81328
3.91253
4.27527
4.73465
4.25204
4.29852
4.36024
4.24684
4.02013
4.07747
4.0548
4.32347
4.39178
4.08149
4.27246
3.7919
4.29296
3.85714
4.23894
4.50313
4.43444
3.61237
3.89675
4.05238
3.90394
3.87079
4.06285
3.82043
4.16921
4.42827
3.98459
3.33146
3.87581
3.78594
4.13028
3.80694
4.0438
3.6805
4.34912
4.46869
3.95235
3.9483
4.09252
4.30722
4.09745
3.63369
4.43623
4.06739
4.12109
4.02268
4.19593
4.40969
4.27531
3.99659
4.02923
3.97861
3.96325
4.02965
4.09606
3.97997
3.83609
4.23938
3.96392
4.18187
3.80039
3.82682
3.48064
3.67999
4.15349
3.99233
4.14163
3.99869
4.25608
4.02248
3.73001
3.69243
4.1666
3.83434
3.79525
4.06722
3.92645
4.20204
4.09986
4.00624
4.05563
3.80531
4.27464
3.98688
3.70954
4.16146
4.06936
3.88658
4.1223
3.99401
4.36803
4.2025
4.14303
4.17811
3.81069
3.89253
4.13963
3.8112
4.43418
4.25157
3.85699
3.97546
3.98629
3.95762
4.21268
3.7574
3.69523
4.19882
4.12011
4.14886
4.35508
4.29947
4.14975
4.27156
3.98282
4.10189
4.37844
4.43895
4.33411
3.9858
4.39952
4.18199
4.40721
4.15628
4.30929
4.2925
4.37322
4.31375
3.66214
4.02887
3.81216
4.36758
4.28955
4.35869
4.49347
4.02066
4.28752
3.80756
4.0339
4.09921
4.07834
3.83284
4.37392
3.58491
4.32707
3.83723
3.94294
4.31364
4.0298
3.87416
4.06265
4.0488
4.08378
4.14387
4.02493
3.74031
3.98687
4.03561
4.18719
4.23757
3.95741
3.96375
3.95643
3.80961
4.0762
3.54625
3.8453
3.93169
4.35719
4.24505
4.14352
4.09867
4.33063
3.94441
4.0138
4.0532
3.99191
4.03816
4.01241
4.05458
4.09969
4.24602
3.79042
4.27043
3.94128
3.9271
3.71674
3.36461
3.61276
4.27609
3.7965
4.0453
4.55874
3.97716
4.34247
4.27044
3.98449
4.1876
4.18543
4.16056
4.29121
4.09514
4.47462
3.96205
4.15623
4.66346
4.29475
4.49087
3.98457
4.20319
4.31311
4.34017
3.96862
4.47048
4.50691
4.51422
4.67253
4.47176
4.01634
4.07915
4.27288
4.12148
4.36467
4.09021
4.22261
4.462
3.79271
4.44692
4.43314
3.92249
4.13812
4.53083
4.11423
4.31435
4.21896
4.30074
4.37445
4.12159
4.03932
3.93223
3.83354
4.42738
4.03252
4.17763
4.10638
4.35154
4.16428
4.12991
4.31292
4.73275
4.45751
4.02494
4.36377
4.43376
4.31861
4.44866
3.66958
4.39767
4.53802
4.3136
4.27923
4.33959
4.164
3.97298
4.30546
4.08813
4.15225
4.10632
3.70846
3.81627
4.03246
3.93855
4.15039
4.12316
4.21503
4.70615
3.83278
3.85269
3.8541
4.30233
3.58034
4.14569
3.87727
4.20688
4.02594
3.87436
3.91749
3.99433
3.75397
4.37155
3.9003
3.81243
4.40197
4.14044
4.07843
4.31048
3.67683
3.98219
3.94077
3.92418
4.0606
4.05087
4.00028
4.33038
3.92419
3.74386
3.90303
3.91843
4.08506
3.7994
3.79702
4.10674
3.75123
3.87359
3.65961
4.46916
4.11533
4.26573
3.96747
4.53609
3.28116
4.14891
4.18954
4.23269
3.80768
4.30919
4.25517
4.02754
4.00668
4.46514
4.07576
4.05645
3.97558
4.14896
3.93665
3.8991
3.9718
4.00692
4.17213
4.07569
4.111
4.29156
3.87915
3.96652
3.91447
4.19562
4.24647
4.01102
4.03385
4.21647
4.10884
4.01764
4.09695
4.22733
4.39673
4.13733
3.93226
4.04478
3.98477
3.9193
4.40215
4.07721
4.30673
4.41991
4.49467
4.07757
4.05565
3.94642
4.00461
4.25541
4.508
4.17643
3.59941
4.25381
4.23586
4.15556
4.13212
3.93778
4.1062
4.07349
3.73419
4.0298
4.29384
4.28226
4.22098
4.08933
3.96505
3.88652
4.2777
3.85594
4.15349
4.22665
4.36636
4.1925
4.20367
3.69186
4.28753
3.8132
4.41741
3.98957
4.10676
4.21963
4.37015
4.07846
4.20082
4.00238
3.92275
4.40917
4.37546
3.88318
4.13588
4.15427
4.08005
4.07817
3.9962
3.95664
3.93889
3.72833
3.94215
4.08771
4.03051
4.35938
3.9556
3.94942
3.80668
4.18475
4.05649
4.05397
3.69315
4.46694
4.32486
4.14803
3.72651
3.93709
3.84883
3.97145
3.91414
4.14356
3.92395
3.90917
3.83184
4.07503
4.02077
4.2134
3.94901
3.78584
3.76107
3.77976
3.74217
4.26143
4.12269
3.90873
3.80915
3.88366
3.99705
4.00785
3.73778
3.64141
4.05296
4.55954
4.50426
3.92247
4.02292
3.90062
4.22166
4.39077
4.11717
4.30243
4.11307
4.24686
3.94142
3.99053
3.98778
4.23292
4.13201
4.30412
3.9929
4.6723
3.98325
3.90781
3.85253
4.085
4.43363
4.03023
3.71781
4.18417
4.10396
4.04758
3.77493
3.54771
3.96107
3.66976
4.03011
3.88055
4.33163
4.00663
4.2807
3.87509
3.90731
3.82793
4.13567
4.12718
4.00261
4.13167
4.13074
4.33547
4.21958
3.89463
3.79702
4.02554
3.75647
4.06595
3.81964
4.01221
3.94933
3.65823
4.18254
3.96968
4.11724
3.73075
4.48331
4.04623
3.31348
4.08447
3.79256
4.2681
4.23636
4.05491
4.38319
4.00223
3.76569
4.25112
4.0053
4.17198
4.28125
4.18569
4.46353
4.52221
4.09295
4.50601
4.16512
4.45922
4.15799
3.9609
4.40381
4.36813
4.15992
4.24188
3.92563
4.38583
4.15964
3.66312
4.40338
4.03855
4.39512
4.30672
4.33566
4.3369
3.78848
4.20651
4.40248
4.11537
3.71882
4.47486
3.97305
4.81439
4.03578
4.07663
3.9834
4.11857
3.89605
3.69874
4.34131
4.00688
4.05912
3.85942
4.13957
4.28571
4.05884
3.90132
4.25976
3.92792
4.01462
4.16873
4.21289
3.96887
4.17185
3.88974
4.17857
4.0228
4.57395
4.45616
4.13227
4.2239
4.81943
4.20398
3.8756
4.11645
4.5729
4.15399
4.48967
4.52318
4.3747
4.20098
3.80008
4.15978
3.86047
4.15718
4.34279
3.87194
3.66979
4.1523
3.89248
4.00368
4.20518
3.97071
3.84907
3.95359
4.22709
4.24607
3.8201
3.83189
4.13607
4.15022
4.03043
4.04952
4.21619
3.97658
3.72761
4.02799
3.77404
3.77921
3.83014
3.95211
3.66139
4.09988
3.85787
4.02216
3.94612
3.95533
3.74348
3.90301
4.36322
3.8197
3.57246
3.88144
3.87951
4.10103
4.02453
4.0485
4.33873
4.50994
4.42266
4.27251
3.844
4.13873
4.15264
4.2697
4.2761
4.37878
3.79376
3.876
4.41547
4.57505
3.90047
4.54495
3.85596
4.37912
3.87937
4.17054
4.33014
4.05986
4.13029
3.96174
4.26506
4.01527
3.95749
4.27427
4.00999
4.19212
4.22436
4.33598
4.25692
4.31058
4.26828
4.36523
4.30855
4.30858
4.13827
4.02737
3.99819
4.564
3.96229
4.18215
3.95241
3.79157
3.68192
4.1132
4.1026
4.34726
4.2687
3.87622
3.66104
4.02141
4.2078
4.29717
4.22858
4.0316
4.33048
3.77484
4.34154
4.25071
3.96339
3.98
3.99703
3.94849
4.45865
4.0229
3.75377
3.94456
4.22917
4.02895
3.7226
4.07927
4.19877
4.36232
4.01735
4.07003
4.01548
3.85156
3.8024
3.90675
3.92165
3.89577
4.12945
3.98808
3.69607
3.92866
3.92741
3.87079
3.80814
4.1715
3.93739
3.81779
4.12113
3.60023
3.85357
3.62059
3.7052
4.20522
4.05534
3.76028
3.68502
4.64521
4.11741
4.15581
3.95932
4.64167
4.17816
4.33192
4.31252
3.97521
3.83528
4.02712
4.19094
4.1153
4.1654
4.29954
4.40556
4.24184
3.69064
3.63884
3.85093
3.72879
3.86021
3.63261
4.00494
4.14391
4.09427
4.28396
3.96794
4.24203
3.91098
4.39596
4.52638
4.31458
3.7421
3.99773
4.13805
4.23938
3.73269
4.1608
4.34621
3.79478
4.17861
4.30917
4.0714
4.32566
4.59569
4.23129
4.28488
4.3262
4.36515
4.56871
4.16258
4.2865
4.64919
4.42965
3.77063
4.03875
4.44498
4.36024
3.92676
4.30594
4.10327
4.1708
4.35987
4.12389
3.94557
4.08826
3.97699
3.9338
4.15686
3.86172
4.06686
4.14005
4.0968
4.23293
4.13549
3.95666
3.77651
4.0267
4.1818
4.18377
3.94372
4.07061
3.61582
4.01663
3.87917
4.16759
3.85796
3.86633
3.68663
3.88353
3.92086
4.43031
4.30368
3.88046
3.72895
3.72026
4.2648
4.47878
3.91662
4.06628
4.14839
4.24713
3.85666
4.13358
4.15822
3.92625
4.13082
3.98045
4.26471
4.40395
4.01299
4.10444
4.56991
4.24754
4.19188
4.22332
4.31853
3.90815
3.82002
4.3182
4.24441
3.89376
4.46036
4.2721
4.24547
4.02944
4.0004
3.49575
4.10905
4.20721
4.14111
4.05206
3.50316
4.15806
4.24348
4.07482
3.98645
4.05665
4.29964
3.8621
3.7124
4.36815
4.4901
3.94813
3.90335
4.29307
4.10659
4.47291
4.11067
3.87044
4.01977
4.43948
3.88041
3.8093
4.14084
4.22635
3.77829
3.9237
4.17664
4.09613
3.86929
3.79478
4.03286
4.57292
4.25763
3.97212
4.17255
4.16664
4.21733
4.50024
3.85663
4.33462
4.06142
3.73091
4.25957
3.97414
3.72038
4.05519
3.96719
4.12727
4.10871
4.58188
4.45715
3.93645
4.24259
4.39152
4.23296
4.20954
4.03623
4.19942
4.39391
4.07119
4.12486
4.39242
3.77523
3.82667
4.17149
4.17844
3.84917
3.88789
4.30022
3.54402
3.90276
4.68759
4.23791
4.11325
4.07465
3.96863
4.04079
3.98489
3.77924
3.96083
3.46348
3.9247
3.57474
3.73492
3.89895
3.88442
4.01635
4.07633
3.78771
3.94662
4.07069
4.10389
3.93383
3.87593
3.73555
3.72127
4.02453
3.75066
3.84756
3.99634
3.60518
4.84999
4.25451
4.49209
4.03417
3.92452
3.75169
3.72287
4.24192
4.33831
4.32446
3.6671
4.01636
4.14321
4.12753
4.29407
4.02287
4.50361
4.14901
3.60391
3.60935
4.17739
4.29753
3.98077
3.57744
4.09193
4.06589
4.15817
4.27796
4.09075
3.87417
4.02529
3.71622
3.96699
4.38263
4.23815
3.84517
4.31758
4.13446
4.09685
3.47189
4.04751
4.10686
3.79024
3.97167
3.88002
3.83673
3.79103
3.55424
4.15205
4.10613
3.54837
3.67103
4.19378
3.68587
3.96606
3.75836
4.16883
4.48563
4.1215
3.80212
3.94083
4.09639
4.02575
3.72011
4.04186
3.75788
