9.08144
9.41922
9.66732
9.4572
9.31723
9.20621
9.6418
9.09437
9.54924
9.50083
9.41882
9.26729
9.51137
9.37794
9.8
9.33843
9.41261
8.82141
9.74421
9.09062
8.80412
9.74128
9.48102
9.3837
9.39046
9.19071
9.37882
8.99824
9.44302
9.58956
9.20313
9.30542
9.58594
9.59979
9.48316
9.47451
9.28549
9.68903
9.28892
9.55846
9.80922
9.52341
9.42853
9.30043
9.51929
9.2702
9.4177
9.56898
9.62851
9.27433
9.38273
9.75778
9.55786
8.90954
9.13927
9.23326
9.2546
8.98151
9.1962
9.29082
9.08867
8.94408
9.21135
9.57987
9.72744
9.45842
9.36799
9.13487
9.55816
9.0334
9.10784
9.28352
9.14797
9.26809
9.09911
9.57871
9.33597
9.3727
9.17775
9.42052
9.15925
9.33564
9.22374
9.31897
9.21952
9.31895
9.40339
9.22196
9.40973
9.44029
9.51115
9.15244
9.52038
9.52617
9.72517
9.50063
9.51329
9.10068
9.44634
9.14211
9.30902
9.39132
9.09358
8.95016
9.22715
9.25828
8.67835
9.29977
9.45581
9.34017
9.15454
9.30332
9.57814
9.19118
9.42138
9.2459
9.36365
9.5791
8.96288
9.22741
9.15337
9.06347
9.34757
9.46804
8.99688
9.0159
9.1367
9.47615
9.19844
9.20743
8.89974
9.29008
9.1883
9.41086
9.27584
9.1505
9.25638
8.99797
9.44098
9.26143
9.07364
9.20082
9.12871
8.76965
9.18312
9.09049
9.2994
9.13388
9.31061
8.92825
9.31466
9.51822
9.25542
9.05278
8.9209
8.81605
8.92332
9.11049
9.12223
9.02658
9.21443
9.27882
8.84444
8.92466
9.25947
9.16159
9.46712
9.46828
9.20434
8.81983
9.16309
9.16778
9.14248
9.61232
9.31174
8.90661
9.06537
9.08518
9.04225
9.0925
9.30306
9.05407
9.06576
9.0436
9.22198
9.21608
9.09778
9.33175
9.10067
9.24102
9.09125
9.25848
9.52038
8.9207
8.76145
9.32233
8.89959
9.27116
8.95521
9.0925
8.91535
8.87946
9.05215
9.40657
9.02512
9.00234
9.38362
9.36584
9.31138
9.54396
9.32691
9.02896
9.13501
8.64765
8.83622
9.14364
9.32062
9.36526
8.51876
9.39991
8.73008
9.03675
9.12934
9.06846
9.08611
9.20253
8.90696
8.89532
8.81655
8.81636
9.39111
9.51247
9.19364
9.50165
9.10398
9.0562
9.09049
9.03037
8.95453
9.22469
9.10833
9.2859
8.72769
9.40881
8.8681
9.02848
9.04618
9.18501
8.55884
9.05262
9.27722
9.05436
9.13699
9.06457
9.70579
9.21165
8.94472
9.1458
9.28048
9.44075
9.07304
8.93189
9.28427
9.16548
9.23778
9.03993
9.05063
9.28769
9.21397
8.91312
9.24648
8.87191
9.15845
9.23813
9.36539
9.09278
9.20396
8.65665
8.76583
9.05824
9.44166
8.86076
9.25997
9.13539
9.31244
9.39025
9.18104
9.40856
8.84174
9.24601
9.17027
9.05583
9.24992
9.19926
9.32455
9.47517
9.25941
9.43072
9.13008
9.27355
9.44974
9.42785
9.00468
9.15363
8.94552
9.5571
9.29445
9.68231
9.17606
9.14694
9.54259
9.32048
9.35417
9.22936
9.00532
9.09181
8.79102
9.15001
9.23799
9.29695
9.47545
9.52237
9.07632
9.25311
9.17745
9.0959
9.17179
9.28859
9.56892
9.00712
9.09974
9.17134
9.48478
9.18723
9.18793
9.51258
8.96694
9.2462
8.97373
8.88783
9.6428
9.43555
9.40449
9.15366
9.24315
9.20893
9.0964
9.25249
8.97511
9.27596
9.31369
9.35512
9.22466
9.24548
9.40817
9.16529
8.94101
9.16234
9.46583
9.2235
9.03196
9.02229
9.04113
9.05428
9.56443
9.35407
9.18638
9.22369
9.47874
9.06485
9.21732
9.29076
9.06984
9.27184
9.50664
9.0761
9.78636
9.1426
9.25689
9.47945
9.69979
8.91588
9.24192
9.11844
9.22609
9.55056
9.51975
8.98995
9.0703
9.34137
9.13827
8.66196
8.73585
9.33448
9.7311
9.18904
9.63726
8.90372
8.73367
8.65071
9.20162
9.39518
9.22784
9.02126
8.95316
8.98157
9.24551
9.56262
9.12843
9.18931
9.21214
8.90464
9.03238
9.13088
8.80753
8.93586
9.45457
9.10466
8.985
9.0993
9.12052
9.46938
9.14116
9.29492
8.70528
9.07553
9.45233
9.41363
9.01566
8.9661
9.49401
9.32065
9.38094
8.74692
9.18516
9.14597
9.37845
8.94213
9.24315
9.2028
9.56203
9.05464
8.93798
9.06141
8.86174
8.93273
9.25917
9.213
8.97054
9.12103
8.94085
8.81268
8.94335
9.10774
9.24504
9.16335
8.95347
9.05019
9.13436
9.64046
9.4454
8.8668
9.12441
9.34572
9.24352
8.88982
9.25089
9.04216
9.20712
9.35106
9.05396
8.65868
9.2833
8.81839
9.30918
8.84898
9.18028
9.32011
9.42907
8.9288
8.8655
9.41728
9.27248
8.98206
9.09312
9.02177
9.27834
9.13719
9.29064
9.04061
9.07935
9.11553
9.00762
8.7806
9.11801
8.96659
9.07003
9.01208
9.1204
8.89076
9.28702
9.18727
9.29562
9.19283
9.0794
9.21503
8.84995
8.83185
9.21987
9.11782
9.18637
8.99799
8.7992
9.31119
9.22671
9.17422
8.95298
9.20322
9.05559
9.05477
9.05772
9.54476
9.23732
9.23482
9.02158
9.17639
9.25772
8.85822
9.30262
8.85878
9.40387
9.18021
9.25567
9.38724
8.89896
9.33288
9.16877
8.87871
9.13209
9.10237
9.03003
9.18725
9.19138
9.16818
9.22409
8.90073
8.47488
9.20477
9.13039
9.16734
9.29766
9.47168
8.89219
9.354
8.95388
9.24485
8.91336
8.90462
9.26337
9.34607
8.99492
8.89805
9.32774
8.76685
9.24565
8.94182
8.7801
9.42438
9.51381
9.14458
9.1128
9.14347
9.16774
9.11631
8.92077
8.86647
9.14662
9.17939
9.31288
8.97224
9.25808
9.09973
8.76302
8.88544
9.43445
8.70537
8.6647
9.30901
8.93553
9.15157
9.08718
9.21647
9.20239
9.21297
9.39139
9.30876
9.14552
9.19005
8.99878
9.40229
8.90253
8.74985
9.46132
9.15349
9.04157
8.97777
9.17468
8.91216
8.97405
8.7501
9.10419
9.21797
9.1219
8.94618
8.96142
8.82219
8.95937
9.42466
9.17072
8.86348
8.77475
9.12341
8.87259
9.27977
8.99683
8.75117
8.93768
8.97712
8.71051
8.81554
9.04985
9.08729
9.25922
8.71406
9.12115
8.97338
9.25473
9.30569
9.12662
9.0738
8.73668
8.93958
9.00795
8.79431
8.96262
9.07596
9.25897
9.23841
9.59403
8.97129
8.86759
9.09128
9.11196
8.78972
8.996
8.65453
9.01771
8.77721
8.76164
9.16035
8.97556
9.29189
9.13486
9.47103
9.37226
8.86239
9.10948
8.76771
8.94416
9.09033
9.06169
9.00805
9.32931
9.11484
9.38565
9.22837
9.19575
9.14786
8.68249
9.67025
9.20061
9.38284
9.03138
9.54523
9.41515
9.05871
9.59902
9.09356
8.85792
9.20826
8.76471
9.59753
9.21909
9.23332
9.59274
9.37235
9.3862
9.23674
9.40193
9.20862
9.33412
8.90582
9.43192
9.01338
9.13258
9.43968
9.08808
8.9656
9.06386
8.96139
9.39043
9.15844
9.01245
9.71654
9.14204
9.26552
9.08095
9.51196
8.92179
9.37142
9.25107
9.09305
9.06724
8.55316
9.0055
9.17765
9.06853
9.03053
9.05792
9.4152
8.76374
8.94813
9.15952
9.1674
8.94212
9.1345
8.9738
9.29071
9.6493
9.13373
9.20146
9.16503
9.14234
9.30083
9.17773
8.71223
9.04777
9.06308
8.39187
8.84915
9.37641
9.48756
8.93474
9.38365
9.4304
9.10176
9.58556
9.26182
9.14822
9.25725
8.86805
8.85049
9.37746
9.37339
9.29299
8.82839
9.16319
9.15957
9.18884
8.99825
9.14488
8.73877
8.49437
8.74513
9.21111
9.22144
9.20636
8.99747
9.36102
8.80279
8.87041
8.66378
8.66431
9.22476
9.16517
9.1287
9.01169
9.32766
8.71139
9.11517
9.2316
9.51167
9.06675
9.45187
9.1994
9.64952
9.26286
9.60493
8.78231
8.75674
9.20354
8.87835
9.40167
8.88882
9.05299
9.10301
9.07249
9.09064
8.94405
9.32567
8.84456
9.07672
9.16934
9.00042
9.03176
9.14242
9.0908
8.67379
8.77368
9.31448
9.36513
8.92164
8.839
8.96401
9.00744
9.26177
8.76081
9.37691
8.75218
9.58712
9.65205
9.01766
9.25737
8.95595
9.2927
9.25831
9.06502
9.03028
8.9898
8.77202
8.44451
9.48433
8.9745
8.9823
9.03236
9.41595
9.28824
9.11815
9.34891
8.93436
9.05745
9.1869
9.33539
8.96367
9.25749
9.11683
9.22404
9.20407
9.03059
9.35509
9.29391
9.27002
9.38522
9.23541
9.26147
9.41865
9.17334
9.21634
9.42709
9.43335
9.34268
8.95065
9.13279
8.9964
9.01976
9.28769
9.35265
9.05398
9.30556
9.05012
9.11271
9.28993
9.47733
9.50478
9.37534
8.95037
9.12636
9.52602
8.82973
9.07942
9.52198
8.94285
9.37086
9.01965
9.22557
8.69075
9.49403
9.32439
9.34504
9.37531
9.27839
9.10659
9.40017
9.02817
9.2478
8.98989
9.49604
9.09722
9.04661
9.49552
9.35381
8.98347
8.7327
9.29891
9.04604
8.9785
9.09459
9.26701
9.28608
9.34042
9.21427
9.31552
9.29152
9.30069
9.28012
8.96797
9.32244
8.9041
9.04921
8.71491
9.36331
9.31251
9.08413
8.86528
8.77945
9.30888
9.34427
9.21912
8.97762
9.13477
9.27519
8.94065
9.23071
9.57545
8.88956
9.06733
9.03069
9.17849
9.26532
8.90564
9.34399
9.30002
9.31279
8.91694
8.85236
8.90349
8.88008
9.17163
8.99496
8.82965
9.03
9.21195
8.98964
8.9194
9.28645
9.18977
8.90524
9.15608
9.04709
9.44766
8.81776
9.12158
9.14468
9.20973
8.71454
9.07808
9.49301
9.08017
9.16911
8.94305
9.15583
9.2764
9.09723
9.39314
9.13024
9.11873
8.84044
9.56861
8.72723
9.17122
8.61312
9.31065
8.83663
8.76957
9.16083
9.30349
9.03718
9.17406
8.928
9.02532
9.19588
9.11161
8.92566
8.89663
8.94036
8.83938
9.3868
9.02728
9.48691
9.05986
9.05709
8.92884
9.09548
9.0624
8.63135
9.43299
9.1486
8.80492
8.67593
8.711
9.12009
9.19031
8.48248
9.53718
9.23485
9.08941
9.12082
8.81054
9.27181
8.84227
9.29925
9.09503
8.60889
9.39056
9.19494
9.00381
9.08272
9.2173
9.0697
9.0693
8.86895
9.47847
8.92524
8.95372
9.09471
9.1635
9.23669
9.04711
9.10807
9.27594
9.04883
9.10345
9.47684
9.18007
9.43667
9.27111
9.03253
9.6222
8.95681
9.33826
9.25572
9.04886
9.10022
8.79062
8.97101
9.06458
9.14701
8.98155
9.05548
9.1466
9.11178
9.28684
9.33396
9.36773
9.36842
8.85908
9.08344
8.98484
9.09286
9.4749
8.84621
9.19601
9.71672
8.78481
9.0352
9.26389
9.44151
9.3127
9.17753
8.53876
9.22616
9.22247
9.16341
9.02067
9.11674
9.02298
9.22473
9.51237
9.54688
9.10418
8.80293
9.19324
8.94149
9.39942
9.4371
9.19323
8.94781
9.34759
9.08741
9.04863
9.15003
8.87739
8.76062
9.11132
9.3423
9.08909
9.18302
9.03505
9.04422
9.28833
9.14359
9.28267
9.03204
8.89509
9.27085
9.19146
9.30826
9.12645
8.8266
9.22637
9.14745
9.43779
9.22359
9.14175
8.87534
9.03767
9.3486
9.16107
9.52741
9.38173
9.12455
9.03153
9.39866
9.20593
9.4519
9.16169
9.23642
9.19651
9.05967
9.02561
9.04278
9.30462
9.24619
9.17397
9.45061
9.26858
9.5154
9.04834
9.35994
9.39493
9.51313
8.80605
9.48931
8.99453
9.08422
8.91227
9.23155
8.72764
8.92412
9.20128
9.23394
9.13281
8.78215
9.12069
9.10801
9.0261
9.29128
9.15957
8.66906
8.70351
9.09616
9.31318
8.99543
9.36273
9.11737
9.59844
8.66731
9.09582
9.13598
8.98165
9.26339
8.95627
8.82449
9.22817
9.18956
9.30094
8.85863
9.00446
9.08212
9.31718
9.15308
9.34128
9.42921
8.97979
8.86441
9.22128
8.98252
9.07207
9.44695
9.25113
9.05516
9.06939
9.57372
8.69101
8.67937
9.241
8.99011
9.17296
8.45717
9.09775
9.30684
8.93953
8.77346
8.92481
8.87375
9.26923
9.36827
9.46322
9.05215
9.18707
8.69255
9.43323
9.36009
9.07615
9.08826
8.91454
9.10513
9.12924
8.8398
9.02997
9.03311
9.11717
9.14026
9.26529
8.91943
8.90311
9.02179
9.60766
8.95739
9.40325
9.10759
8.86193
8.98558
8.77948
8.95681
9.45456
8.64942
8.95803
8.99297
9.37221
8.76999
8.82871
8.71836
8.83209
8.69862
8.85082
9.21228
9.41447
9.03433
9.39065
9.26194
8.74335
8.80514
9.08934
8.93012
8.78761
8.9177
8.68147
9.01498
8.83791
8.88842
9.03471
8.94424
8.54982
9.07186
8.78137
9.02285
9.17218
8.78807
9.0103
8.90213
9.15415
8.99263
9.17973
9.00832
9.42305
9.09688
8.67973
8.97075
8.81659
8.957
9.31825
9.45795
9.11228
8.99664
8.90512
8.75048
9.00572
9.01715
8.52774
9.41403
8.77084
8.72477
8.58517
8.64963
8.97769
9.05105
8.99206
9.05855
8.73735
9.04313
8.53176
9.01785
8.91504
8.88367
9.04802
8.97866
8.86575
8.88157
8.97743
8.79489
9.17466
8.96629
9.10787
8.66397
8.80224
8.73051
8.87136
8.65977
9.07426
8.65127
8.84842
8.83781
8.66692
9.00198
8.99031
8.283
8.74483
9.00577
8.65217
8.80057
8.86204
9.19346
8.5019
9.40616
9.10775
9.05713
8.79015
8.69824
8.80899
8.9803
9.12818
8.77863
8.84863
8.70024
8.67627
9.02627
8.89292
9.12246
9.27896
8.86066
8.92855
9.43544
9.07027
8.95022
8.93186
9.02613
9.00097
8.85055
8.9422
9.37023
9.58219
9.38788
9.33978
9.50726
9.28676
9.07485
9.0454
9.45388
9.4047
9.1029
9.02731
9.42171
9.2044
9.29421
9.70004
8.98986
9.44269
9.53753
9.82644
9.33498
9.24026
9.27941
9.04973
9.20063
9.57616
9.7893
9.52581
9.14845
9.3023
9.40266
9.26153
9.19818
9.49342
9.50185
9.09326
9.39554
9.18884
9.50385
9.48923
9.21647
9.12922
9.50681
9.54323
9.50652
9.40879
8.99736
9.11191
9.17407
9.45483
9.1299
9.3039
9.3585
9.29606
9.37011
9.24739
9.45806
9.02952
9.93408
9.60704
9.06962
9.10493
9.29013
9.15936
8.91656
9.50526
9.39837
9.32027
8.84108
9.36996
9.08027
9.42813
8.88574
9.2208
9.42468
9.62259
8.91846
9.49094
9.06559
9.32624
9.45364
9.16574
9.21291
9.4281
9.38204
9.1621
9.40188
9.11827
9.05121
9.43467
8.8512
9.27264
8.8166
9.05997
8.97875
9.43324
9.10051
9.42771
9.16734
9.58703
8.74863
9.27292
9.12641
9.2086
8.95662
9.24483
9.07846
9.73076
9.23504
8.92575
8.72727
9.18916
9.16163
9.14431
9.30094
9.0623
9.34866
9.10719
9.48421
9.43567
9.33279
9.3175
9.27305
9.21931
9.20572
8.88453
9.20803
9.49534
9.2642
9.60661
8.91749
9.2154
9.38199
8.90519
9.23356
9.43637
9.27983
9.05244
8.60925
9.05585
8.84023
9.47789
9.41148
9.36398
9.27507
9.11866
8.96449
9.24558
9.30797
9.21839
9.17048
9.28709
8.91069
9.3362
9.00125
9.33257
9.39563
9.45378
9.48224
9.36852
9.18182
9.27181
9.07168
8.86888
9.24034
9.23899
9.16076
9.49736
9.05182
8.92507
8.87694
9.29434
9.42146
9.54278
9.52315
9.21811
9.07402
9.10425
9.0564
9.25892
9.59417
9.23821
9.44743
9.17609
9.45092
9.05794
9.55412
9.22394
9.49634
9.29611
8.93434
9.33202
9.21934
8.84567
9.70498
9.03763
8.9966
8.96498
9.06867
8.92893
9.48193
9.04336
9.22517
9.46405
8.82068
9.16414
9.03146
9.21548
9.54554
8.79252
9.22624
8.80154
9.33638
9.7143
9.18899
8.8194
9.02492
9.07786
8.79863
9.46511
9.02018
9.21459
8.9414
9.07422
9.39892
9.33222
9.23377
8.73864
9.23652
9.32951
9.17785
9.04011
9.07246
9.31572
9.14819
9.41235
8.99944
9.29792
9.01652
9.55439
9.71072
9.19888
9.3937
8.92235
9.55643
8.85522
9.49936
9.34338
9.56536
9.63881
9.16801
9.21657
9.24487
9.16321
9.25037
9.0699
8.93721
8.97189
9.31464
8.98278
9.39514
9.34245
9.25749
9.46226
8.8851
9.09235
8.95552
9.24864
9.04033
9.11924
9.30335
9.26656
9.23247
8.65817
8.86748
8.95701
9.09993
9.47064
9.4203
9.30317
9.11645
8.90245
9.33207
9.02358
9.30097
9.10263
9.0208
8.92082
8.91614
9.29417
9.27329
9.06094
8.74785
9.21521
9.17874
9.03457
8.9586
9.23396
8.87625
9.26214
9.12491
9.18298
8.96152
9.41234
9.58185
9.00367
9.17972
8.67105
9.18061
9.31169
9.05223
8.91011
9.19902
8.67859
8.93945
9.24025
9.17265
9.18388
8.82194
9.17738
9.00587
9.49617
9.45024
9.15463
9.13431
9.50395
9.28452
8.94346
9.82709
9.01928
9.4688
9.2291
9.64391
9.08101
8.74545
9.70068
8.75563
9.44763
9.13566
9.46252
9.25616
9.11255
9.01405
9.04475
8.79225
9.32825
9.45076
9.07939
9.74121
9.39376
9.36508
9.16463
9.53056
9.34229
8.86618
9.05026
9.35008
9.2406
9.06713
9.2106
9.21186
9.30305
8.88571
9.40127
9.08669
9.04235
8.80639
9.0152
9.11946
9.32354
9.43512
9.32132
9.25027
8.73616
9.89379
9.76221
9.09481
9.19343
9.31204
9.22116
9.54135
9.23699
9.63549
9.18036
9.17323
9.49878
9.15989
9.27553
9.48658
8.9541
8.76942
9.29581
9.20176
9.09042
9.09011
9.23947
9.42949
8.98239
8.99186
9.65499
9.29399
9.14793
8.95515
9.12475
9.0698
9.38375
9.4752
9.01647
9.42751
9.37516
9.02246
9.49528
9.01538
9.11753
9.05868
8.96329
8.77464
8.88539
8.83087
9.36519
8.9972
9.49895
8.96418
8.65563
9.48139
8.99677
9.14146
9.12682
9.09855
9.32261
9.30056
9.18698
8.99646
9.24192
9.34746
9.31956
9.50602
9.04549
9.11558
8.53633
9.41878
8.98088
9.6024
8.72797
8.96024
9.12245
9.6261
8.80229
8.87605
9.36051
9.20838
8.81225
9.23093
9.22202
9.33073
9.00689
9.07432
9.29886
9.37074
9.25707
9.06294
9.37154
9.00539
9.28899
9.39455
9.04253
8.88946
9.09394
9.01336
8.97705
8.87222
9.59008
9.0269
8.63413
9.10817
9.10002
9.1655
9.34616
9.23643
9.13638
9.64302
9.24967
9.33839
9.06525
9.19757
9.2386
9.05258
8.89103
9.14574
9.51816
9.28979
9.39487
9.06769
9.04764
8.87739
9.27824
8.75205
9.15415
9.20206
9.57634
9.49935
8.94434
9.56102
8.99337
9.06985
9.51878
9.22895
9.30642
9.44782
9.0128
9.12002
9.11432
9.15208
9.30757
9.0026
9.18513
8.8842
9.00994
9.29336
9.39683
9.02494
9.18642
9.19907
8.63489
9.1912
9.13118
9.235
9.57349
9.17762
8.93561
8.81832
9.20551
9.20862
9.19216
8.87906
9.33763
9.149
9.53666
9.38485
9.2592
9.08241
9.09607
9.48128
9.12652
9.00892
9.11877
9.25859
8.7595
9.19345
9.67058
8.96916
8.90094
9.25559
9.56343
8.88752
9.11505
9.49467
9.18691
9.3055
9.117
9.50722
8.85657
9.6866
9.1966
8.78178
9.21367
9.37928
9.3922
9.47053
9.3623
9.10828
8.97737
9.35015
8.97968
9.61041
9.55613
9.25225
9.22518
9.36353
9.2799
9.22902
9.25705
9.13505
9.28686
9.5421
9.11399
9.0631
9.21072
8.84046
9.31991
9.09371
9.17548
8.93708
9.65685
9.27384
9.1173
9.09572
9.41707
9.31246
9.34985
9.15643
9.31407
9.45298
9.29528
9.18872
9.04153
8.7091
8.90947
9.18304
8.92063
9.22807
9.01042
9.07815
9.30296
9.18299
9.23377
9.37584
9.3552
9.33444
9.13348
9.17464
9.31129
9.2929
9.29243
8.75287
9.34699
9.34501
8.92107
9.19619
8.98223
9.27295
9.52662
9.16905
9.39688
9.26666
9.19782
9.26824
8.98359
9.03949
9.4571
9.22139
8.90728
9.34862
9.22214
9.0537
9.29645
9.43195
9.2681
9.25928
9.4429
9.43472
9.39554
9.1808
9.35147
9.17451
9.45718
9.30949
9.38285
9.26923
9.33208
9.37754
9.73002
9.49129
9.11272
8.85991
9.2312
9.71912
9.38153
9.1445
9.45516
9.44186
9.24909
9.14946
9.40241
9.1418
9.47107
8.75118
9.2823
8.99829
9.00039
9.08107
9.3226
8.98549
9.03565
9.30705
9.19872
8.98881
9.46068
8.8092
9.05176
9.55977
9.32972
9.12261
9.00956
9.35675
9.34668
9.04498
9.16926
8.95656
9.17683
8.98512
9.16555
9.02659
9.17811
9.25864
8.94631
9.16454
9.03505
9.13724
9.25222
9.35429
9.42267
9.2821
9.20309
9.3595
9.40415
9.2039
9.02298
9.14923
9.23568
9.24516
8.90176
9.3556
9.08012
9.05641
9.58056
8.96105
9.38542
9.03476
8.83634
9.31371
9.59517
9.49007
9.53677
9.47517
9.01564
9.06808
9.33148
8.95149
9.33153
9.346
9.45958
9.41506
9.1346
9.27611
9.10992
8.84392
9.27685
9.26319
8.97732
9.37404
9.16795
9.39
9.10037
8.97401
9.83273
9.16
8.62149
8.87602
9.53454
9.29003
9.18168
9.04817
9.27582
9.27907
9.58291
9.32921
8.85541
8.94464
9.33674
8.99492
9.3032
9.23314
9.03344
9.56368
9.25933
9.33555
9.15107
9.33698
8.62356
8.924
9.32789
9.09306
9.3617
9.48978
9.43858
9.3477
9.23947
9.24902
9.39164
9.30711
9.20271
9.05338
9.60913
9.32651
8.89086
8.89491
9.28736
9.22799
9.34167
8.93031
9.3003
9.38006
9.05431
9.06835
8.92042
9.18312
9.2883
9.16961
9.14107
9.28155
9.03034
8.38381
9.23154
9.13262
8.82594
9.61618
9.27209
9.37983
9.09852
9.59386
9.07109
9.51759
9.0329
9.33571
9.34295
8.72845
9.12284
9.28498
9.35408
9.03843
9.29675
9.13332
9.20891
9.31233
8.64885
8.64581
9.13779
9.27833
9.14778
8.75329
9.17906
8.70248
8.78687
8.89243
9.00214
8.56038
9.25033
8.99172
8.56657
9.34574
8.8792
9.13551
9.03717
8.90463
9.20682
8.68657
8.92074
8.96926
9.38256
9.46983
9.34223
9.18123
9.40307
9.05813
9.28927
8.7276
8.96195
9.26967
8.76742
9.12895
9.18498
8.97059
8.97852
8.82968
8.71783
8.83627
9.02051
9.2484
9.2397
9.00674
8.91468
8.79832
8.99217
8.97842
8.98352
8.53071
9.41747
8.89887
9.21863
8.62201
8.88523
9.0594
8.92542
9.35732
9.08165
8.76245
9.00233
8.76624
9.04608
9.03054
9.19937
9.02631
8.79826
8.89927
8.71549
9.34506
9.1367
9.2126
8.92633
9.20969
8.85139
9.25083
8.77598
9.19615
8.47678
9.17372
9.27778
8.81806
8.94687
9.22814
9.25221
8.91597
8.94899
8.99814
8.93161
8.77869
8.82511
9.09611
8.88261
8.86759
9.1695
9.11837
8.92225
9.04952
9.382
8.63684
9.23577
8.95563
8.57889
9.28504
9.13953
9.54513
8.93931
9.07378
9.15526
9.13167
8.98769
8.97722
8.9904
9.10801
8.97552
9.05926
8.96631
9.28335
9.43711
8.87432
8.88346
8.51956
8.9338
9.30479
9.0836
9.2039
9.10146
8.75101
9.18651
9.4328
8.82794
9.39333
9.24854
8.92531
9.21158
8.93267
9.25505
9.43275
9.00405
8.94155
9.13861
9.17971
8.96906
8.75737
8.7626
8.97338
8.93859
9.27394
8.91334
9.18687
9.35161
9.17193
9.30907
9.07552
9.09163
9.36385
8.8215
9.21621
8.85089
9.06989
8.85114
9.05449
8.96434
8.91225
8.84532
9.10213
8.90546
9.2346
9.2077
9.1706
9.4364
8.83034
9.22324
9.05052
8.76135
9.3771
9.37961
9.06573
9.42009
9.39313
9.27625
8.94018
8.98335
9.55611
9.48446
9.27724
9.29016
9.09526
9.03734
8.94029
9.13645
9.28152
9.33826
9.28798
8.93521
9.46172
9.25818
9.16929
8.83693
9.30554
9.1603
8.9507
8.93236
8.61725
9.07067
8.82166
9.13751
9.59756
9.13995
9.23002
8.55997
9.35909
9.1402
9.23307
9.03237
9.06002
9.18738
9.27042
9.12481
8.7388
8.76775
9.28274
9.31173
9.1932
9.18436
9.18563
8.89954
9.06269
8.91875
9.24014
9.17977
9.39918
8.76619
8.88636
8.94661
9.04002
9.06637
9.21575
9.54473
8.84577
9.0786
8.97234
9.03417
9.09307
8.92724
9.27782
9.10959
9.45281
9.54891
9.4876
9.56741
9.04355
8.89322
9.208
9.23447
9.51611
9.20432
9.36965
9.34608
8.69948
8.87128
8.78561
9.35967
9.63587
9.1801
9.19474
8.98023
9.44289
8.90344
8.87598
9.14268
8.88631
9.38152
8.887
9.0455
8.96523
9.16134
8.99917
9.02765
8.72834
8.78345
8.96189
9.11236
8.85893
8.88785
8.67333
9.34234
9.14362
8.96955
8.98206
9.1388
8.99097
9.54855
9.46318
9.26157
8.87485
9.43095
8.54272
9.20096
9.37153
8.95906
8.90567
8.63334
8.94361
9.09699
9.18669
9.13056
9.59639
9.41717
9.45262
9.42416
9.24316
9.09439
9.09936
9.41152
9.5186
9.13091
9.35247
9.03585
8.96434
9.32419
9.06554
9.63721
9.29314
9.39304
9.15244
9.41223
9.075
9.20899
9.43378
9.2152
8.99086
9.9389
9.42173
9.15687
9.3543
9.15207
9.27282
9.20858
9.23376
9.01488
9.37952
9.28187
9.05884
9.07119
9.59693
9.13885
9.28413
9.32944
9.09375
9.09643
9.35204
9.54002
9.16603
8.97614
9.4154
9.25211
9.38581
9.21301
9.26875
9.01931
9.16251
9.35506
9.60476
9.58224
8.85325
9.39625
9.02784
9.15572
9.07101
9.01954
9.04428
9.34765
9.35402
9.01503
9.2293
9.30442
9.54884
9.29024
9.34761
9.62508
9.29632
9.53969
8.91167
9.68054
9.51281
9.43012
9.10263
9.26629
9.01163
9.28867
9.43479
9.09526
9.27831
9.39588
9.35819
9.42522
9.25873
9.01566
9.30745
9.33839
9.31003
9.30239
9.44423
9.33128
9.03374
9.29529
9.09063
9.41582
9.54638
9.00426
9.11939
9.43544
9.13859
9.2232
9.67752
9.14049
8.94292
9.08808
9.23651
9.45444
8.66891
8.94198
9.41726
9.25549
9.16052
9.22958
9.61882
9.20234
9.09404
9.24268
9.45575
9.23877
9.41473
8.84219
8.8585
9.39936
8.89973
9.02117
8.76137
9.21176
9.50196
8.55962
9.01923
9.43292
9.22654
9.15306
9.40776
9.34829
9.52812
9.33211
8.92373
9.39589
9.30825
9.29938
8.93636
9.17748
9.41518
9.05413
9.25698
9.27128
9.15623
9.17295
9.07098
9.60795
9.24347
8.89144
9.06849
8.93624
9.36963
8.81154
9.40719
9.30444
9.30634
9.57196
9.27325
9.31928
9.05674
8.91472
8.89894
9.24601
9.13742
9.20389
8.98571
8.86036
8.90904
8.7506
9.14713
9.08532
9.07211
9.12385
8.7319
9.11156
8.82555
9.55621
9.06659
9.19088
9.25283
8.8648
9.03976
9.05162
8.97973
8.90482
9.30525
8.76631
9.01022
8.83613
9.23825
9.27453
9.00619
9.06102
9.21647
9.21773
9.28801
9.40585
9.07726
8.92546
9.31291
8.89536
9.01947
9.43484
9.4765
9.19297
9.14957
9.4866
8.96665
9.03001
9.08459
9.36089
9.42182
9.18083
9.06869
8.97199
8.99906
9.19893
9.47985
8.85319
9.20345
9.17257
8.87716
9.53781
9.01055
9.20017
8.92726
8.92325
9.17207
9.23784
9.16315
9.37454
9.14487
9.29071
9.09612
9.34074
9.23794
9.09882
8.92729
9.08906
9.26691
9.19294
8.72611
9.13453
9.12897
9.50273
9.10252
8.86056
9.04934
9.2228
9.07347
9.17525
9.00493
9.43241
9.03382
8.67939
9.26364
9.4134
9.20658
9.0286
9.39994
9.33483
9.12077
9.45331
9.07367
9.34941
9.07654
9.10512
9.36145
8.80146
9.18492
8.92318
8.99768
9.09797
9.391
9.14188
9.0419
9.12537
9.44038
9.07148
8.81439
9.7788
8.90445
9.43602
8.78126
8.96352
8.91584
9.01746
9.48791
9.2876
9.05466
9.13095
8.55728
9.37862
8.77398
8.68695
9.40493
9.46564
8.94199
9.15463
9.20741
9.2739
8.79041
8.75598
9.05796
9.05466
9.11807
9.25902
9.22212
8.89845
9.31891
8.93585
9.24427
9.20141
9.12694
9.09263
8.69986
9.21282
9.0938
8.67488
8.59677
9.06186
9.20484
8.62952
9.15261
8.95444
9.0543
9.11962
9.20725
9.04102
8.89801
8.85692
8.89633
9.20589
9.01236
9.4099
8.93753
9.37401
9.42481
9.21519
9.25382
9.17258
9.28492
8.64532
9.25585
9.32216
8.8462
9.17872
8.6438
8.93224
9.07522
9.19305
9.26832
9.22587
9.23566
9.52752
9.09349
9.17532
9.06043
8.91742
9.5516
9.28991
9.04737
9.37229
9.11609
8.80273
9.14028
8.68001
8.88861
9.22901
9.20975
9.20018
9.2301
9.0224
9.49877
9.23199
9.30759
8.89498
8.98915
9.06042
8.88608
9.10957
8.78213
9.25403
9.22551
8.92447
9.6495
8.82672
8.8976
9.30598
9.02422
9.31056
9.64203
8.97933
9.01909
8.94068
9.12256
9.14009
9.16477
9.16903
8.76868
8.75818
8.95224
9.47611
9.21335
9.24333
9.3529
9.12234
8.90694
9.09476
9.06884
9.05398
9.57592
9.07144
9.49719
8.9343
9.25752
8.95489
9.10363
8.99576
9.20968
9.35577
9.08015
8.9927
9.04549
9.5172
9.41135
9.24741
9.337
9.2327
9.11623
9.00768
9.04816
9.36768
9.16337
9.71218
8.81289
8.80502
9.57263
9.33074
9.08581
9.28094
9.36101
9.06426
9.13381
9.63263
8.70132
9.30154
9.27371
9.48239
8.8066
8.89784
9.05532
9.47375
9.80796
9.02979
9.20301
9.29851
9.62513
9.28591
8.83724
9.15826
9.38345
9.11812
9.2035
9.12849
9.601
9.5663
8.77077
8.95809
9.2375
9.36287
8.9802
9.11879
9.44728
8.95222
8.90955
9.13906
9.45072
9.03729
9.11736
8.81312
9.29564
9.19965
9.13164
9.22469
9.13869
9.39478
8.85303
9.26007
8.95266
8.9922
9.07766
8.92019
9.13702
9.1027
8.91276
9.41478
8.95493
9.51228
9.15074
9.14565
9.10945
8.8565
9.28429
9.23412
9.06162
9.44213
9.20784
8.96086
9.06092
9.20323
8.86318
9.26096
9.33249
9.17754
9.11589
9.17047
8.70721
9.167
9.11128
9.04595
8.81353
8.89372
9.40311
9.50655
9.18861
9.20457
9.15511
8.96788
8.82668
8.92253
9.3164
9.57488
9.29477
9.17297
9.20665
9.06179
9.50391
9.5549
9.56483
9.2506
9.15374
9.17655
9.22515
9.0065
9.48242
8.88114
9.35545
9.27568
9.44009
9.34444
8.87635
9.13378
9.42135
9.21738
8.9121
8.96255
9.25511
9.12496
9.44362
9.06409
9.59591
8.94842
9.1419
9.16366
9.12285
9.3939
8.89354
8.86878
9.12135
8.97037
9.13232
9.18997
8.95159
9.37487
9.47869
9.42573
9.26349
9.30011
9.08558
9.50978
8.96588
8.98792
9.47871
9.3039
9.35966
8.97361
9.47493
8.95711
9.1201
9.23514
9.27725
9.57544
8.93476
9.07319
9.5429
9.34192
9.49361
9.3189
9.24415
9.17664
9.05763
9.46733
8.94254
9.11089
9.22672
9.00372
9.15636
8.79359
8.78831
9.08561
8.85657
9.25882
9.07402
9.17834
9.20862
9.24005
9.29928
9.07508
9.04416
9.57084
8.79553
8.65138
9.27451
9.07333
8.73112
9.02959
8.92432
9.22792
9.09375
8.96321
9.06278
8.59641
9.04123
8.85587
9.57227
9.00308
8.93805
9.17854
9.38908
8.87923
9.19749
8.46957
8.8017
9.29745
9.0926
9.22533
9.03385
8.82309
9.54701
8.92978
9.52202
9.044
8.97833
9.29486
9.20184
9.20201
9.24304
9.43144
9.24549
9.26019
9.25734
9.2523
9.29958
9.26755
9.21009
9.36492
9.44239
9.31441
9.27003
9.0432
9.06235
9.10131
9.24092
9.16949
8.83537
9.19193
8.78271
9.32364
9.02978
9.46706
9.2847
9.29612
8.76527
8.83486
9.22074
9.45286
9.2828
9.17708
9.74199
8.76022
8.86769
9.16414
9.12179
9.09752
9.20136
9.22683
8.87869
9.42071
9.22067
9.40917
9.19741
9.47008
9.19391
9.21735
9.16939
9.09324
9.33345
8.99627
9.23312
8.97856
9.02689
9.14346
9.29932
9.47566
9.31562
8.65566
8.52575
8.96821
9.21094
9.10414
9.28737
9.46774
9.07522
8.99597
8.99263
9.24821
9.65493
9.27657
9.16572
9.15485
9.14291
9.06086
9.08336
9.29608
8.91309
9.08742
8.99755
9.4116
9.33263
9.12682
9.36471
9.09059
9.39761
9.01166
8.92215
9.07241
9.30445
9.08631
9.12422
8.83183
9.36623
9.24282
9.14799
9.1692
9.30318
8.833
9.24484
9.1592
9.25873
9.1403
8.99463
9.3461
8.96595
9.08823
9.13235
9.29189
9.34106
9.45407
9.25767
9.40542
9.33361
9.2502
9.31803
9.33848
8.98566
9.33706
9.18753
9.11448
9.17358
9.35131
9.35488
9.0952
9.14751
9.46544
9.13767
8.72346
9.27759
9.40522
9.39322
9.15489
9.38805
9.28116
9.04054
9.34339
9.19097
9.23114
8.91096
9.48383
9.08698
9.36119
9.5983
8.97586
9.02496
9.01762
8.93612
8.95255
9.32045
9.61082
9.42692
9.45003
9.60177
9.52593
9.4258
9.47944
8.95855
9.46514
9.28093
9.47718
9.12443
9.1431
9.21361
9.32386
9.00107
8.9348
9.26077
9.28223
9.21136
9.08862
9.12249
8.79023
9.07103
8.86856
8.93908
9.09233
9.17511
9.15307
8.93235
8.99252
9.12409
8.82134
8.81966
8.63089
8.94586
8.67451
8.88008
8.78195
8.98773
8.54846
9.15804
9.00169
9.37358
8.79407
9.11414
9.04708
9.03664
8.95052
8.64001
9.36365
8.58099
9.00828
8.97122
9.05625
9.08744
9.12525
9.08578
8.99714
9.10928
8.79689
9.20164
8.8927
8.8794
8.88268
9.00582
8.99744
9.04941
9.11933
9.10071
9.05223
9.54995
9.0829
9.15322
9.31273
8.91046
9.20559
9.16127
9.03184
8.90953
8.83309
9.16526
9.28423
8.87586
9.30698
9.12008
9.29627
8.95498
8.88475
8.96297
8.9046
9.22052
9.23111
8.55758
9.0194
9.34253
9.41818
9.17295
9.14272
8.91754
9.41486
9.10233
8.74849
9.33065
9.23226
8.97899
8.98069
8.98816
9.15567
9.05033
8.6453
9.11601
9.16159
9.10197
8.80075
9.02251
8.8676
9.47778
9.03268
8.94862
9.3371
9.37337
9.09557
9.36002
9.52092
9.49255
9.15691
9.09666
9.44856
9.16406
9.07037
9.05705
9.39991
9.32831
9.10463
9.11799
9.2932
8.93162
9.24536
8.99042
9.2814
9.35565
8.95785
9.17198
9.3012
9.48844
9.65138
8.90918
9.50276
9.33469
9.39509
9.70735
9.07417
9.04901
9.08147
8.95163
8.89766
9.33205
8.89649
9.2537
8.90228
9.14156
9.7787
9.57036
9.17259
9.57219
9.56748
9.42871
8.81248
9.08156
9.47257
9.15937
9.50727
9.06348
9.17093
9.65074
9.29496
8.38692
9.04982
8.77248
9.27599
9.18835
8.96478
9.00443
8.74061
9.08945
9.05009
9.11311
8.94985
9.18577
9.09383
9.32984
9.09832
9.48773
9.07288
8.63915
8.73328
9.0997
8.9962
9.02886
8.53739
9.23652
9.10076
9.05594
9.1041
9.1861
8.79419
8.92
8.85023
8.9644
8.95744
9.03524
8.81224
8.97882
9.00059
8.94531
8.95607
9.09619
8.8496
9.12565
9.36014
8.97556
8.97743
8.96964
9.3144
8.88709
9.31785
8.9103
9.33819
9.22553
9.30118
9.12962
9.38151
9.19785
9.50259
8.97032
8.99174
8.94142
8.87409
9.1333
9.19817
9.02119
8.84341
9.07002
8.88145
9.37218
9.24486
8.84916
9.26498
9.36331
9.02646
9.28793
9.21155
9.00832
9.46215
9.25488
9.3373
9.23536
9.60568
9.3941
9.31896
9.13536
9.26168
9.34795
9.00966
8.60863
9.07875
9.41879
9.17607
9.31922
9.1562
8.86371
9.28303
9.12703
9.15902
9.32497
9.77531
9.24103
9.33156
9.14772
9.65934
8.90389
8.96698
9.0124
9.14841
8.85739
9.3151
9.03294
8.96761
9.10177
9.23185
8.98353
8.78627
9.21657
8.99847
9.11795
9.06706
9.28921
9.08135
8.85741
9.11526
9.1104
9.13813
8.4919
9.24657
8.69351
9.06294
8.94932
8.72899
8.47237
8.92659
9.07755
8.6537
9.26013
9.07759
8.82446
8.80398
9.14865
9.36323
9.02011
8.82148
8.95898
8.97773
8.89259
9.53603
9.4958
8.78129
9.07741
8.79925
8.81246
8.8511
9.10722
9.42645
9.3033
9.30863
9.24534
9.41824
9.34121
9.24387
9.51735
9.01658
9.04201
9.32348
9.03019
8.66866
9.42328
8.97641
9.32874
9.18313
8.81968
8.95987
9.21381
9.23344
9.61131
9.06421
8.89766
9.45971
9.42146
9.18978
9.31815
8.90861
9.27043
9.23292
9.30799
8.61935
9.4021
9.02733
9.06148
9.65039
8.23717
9.22621
9.56078
9.28457
9.20899
9.44954
9.4994
9.59289
9.27367
8.91133
9.12987
9.12074
9.33073
9.23581
8.96839
9.1302
9.38762
9.03661
9.03515
9.19113
8.98256
9.21115
8.65116
9.00383
9.04339
9.25159
9.55144
9.00324
8.91926
8.85248
9.23643
8.72571
9.27501
8.73257
8.90434
9.10339
9.03323
9.22472
9.36917
8.95262
8.89937
8.77217
9.27648
9.15318
9.4603
8.97204
8.52133
9.26511
8.86423
9.10997
9.27601
8.89281
9.50357
9.62426
9.32844
9.27734
8.92815
8.96611
9.02241
9.46126
9.21606
9.35412
9.38378
9.54144
9.01397
9.19909
8.96392
9.2746
9.42118
9.20679
9.46296
8.8701
8.87444
9.05679
9.3015
9.56041
9.00555
9.0401
9.2717
9.35437
8.81571
9.36095
9.4875
9.26023
9.67185
9.31549
9.35985
9.31127
9.15871
9.19064
9.43035
9.1319
9.29743
9.37777
9.14542
9.25147
9.08637
9.3672
9.10884
9.47442
9.67179
9.23108
9.18472
9.24675
9.28644
9.11219
9.16367
9.38758
9.27143
9.45472
9.49199
8.82277
9.29329
9.08389
8.94352
9.14934
9.25419
9.18851
9.55446
8.89266
9.28077
9.59
9.42941
9.3499
9.13123
9.14398
9.45278
9.33227
9.13495
9.40194
9.27465
9.39051
9.29437
9.48416
9.47124
8.97667
9.09711
9.24428
9.35987
9.50306
9.03058
9.15745
9.29322
9.47404
9.00787
9.4172
9.37617
9.53158
9.82478
9.67805
9.47858
9.10349
9.47473
9.34248
8.94758
9.13381
9.16536
9.40972
8.52934
8.92812
8.92118
9.02558
9.5703
9.44836
8.88911
8.95131
8.98132
9.63416
9.07473
9.2522
8.73877
9.13343
8.79907
9.51763
8.84725
9.32754
9.03216
9.28868
9.38857
9.33613
9.01203
9.13781
9.39938
9.35084
9.07101
9.28652
8.96652
8.82607
9.31383
9.11229
8.94125
8.80911
8.99118
9.38835
9.00338
9.48266
9.06726
9.22957
9.21411
9.4875
9.17743
9.11137
9.28319
8.95012
9.1765
9.30647
9.23341
8.9814
9.29272
9.14545
8.8738
9.06325
9.36484
9.14914
9.34413
9.05346
9.02197
9.00002
8.8841
9.02589
9.63646
9.08685
9.22434
9.02174
9.05342
9.16533
9.01739
9.51577
9.1058
8.94442
9.06644
8.77978
8.97982
8.89224
9.05554
9.17253
9.20361
9.56418
9.10409
9.32015
9.14056
8.6837
9.23955
9.26182
9.08761
9.30844
8.61391
8.99086
9.01543
9.12138
8.73924
9.29637
9.18687
8.96111
9.09183
8.69344
9.50278
9.21652
9.04608
8.70763
8.63076
9.03874
9.00282
9.04254
9.24274
8.63067
9.69942
9.25033
9.52177
9.17779
8.79081
8.9076
9.09114
8.98179
9.22485
9.03231
8.66816
9.04711
9.06549
8.54742
8.71957
9.10839
9.15549
9.26067
8.95197
9.26947
9.12304
9.42459
9.25616
9.07156
8.95016
9.08661
9.03167
8.99186
8.82495
8.78026
8.63502
8.98394
8.51099
8.96072
9.41962
8.77846
9.02903
8.92065
8.8084
9.13412
8.94187
8.93038
8.96883
9.21971
9.01582
9.08165
9.07422
9.18422
9.37682
8.65762
8.73407
9.11761
8.80386
8.6918
9.09324
8.76013
9.03903
8.82674
9.21643
8.94757
9.10944
8.98592
8.80053
9.22108
9.14031
9.01195
9.03856
9.20821
9.22295
9.20252
9.33658
9.25278
9.14945
8.6469
9.12987
9.35065
9.18441
8.93944
9.36964
9.02447
8.88291
9.47887
8.82533
8.88741
8.79308
9.28123
9.21401
9.29693
8.95459
9.23666
8.80943
9.09191
9.4253
9.06186
8.92165
8.59425
8.86243
8.89521
9.13483
9.16468
8.78111
9.44953
9.16929
9.23507
8.87293
9.09692
9.04221
9.27549
9.00276
9.24862
8.81573
8.567
8.92256
8.9884
9.07293
9.0254
9.05255
8.77532
8.81375
8.84046
9.10778
9.01849
9.24174
8.61199
9.18007
9.26859
9.14527
9.14225
9.46197
9.14983
8.95751
9.01426
9.15948
9.50943
9.17573
9.3432
9.02142
8.74755
8.72803
8.90282
8.66343
9.23764
9.07647
9.10766
9.15746
9.03916
9.08689
8.80549
9.16424
9.02383
9.08537
9.02711
9.0913
9.09939
9.21001
9.03502
9.55887
9.1282
8.73405
8.83635
9.01645
9.2766
9.22125
9.08613
9.37708
8.90995
9.69132
9.04517
9.22129
9.34752
9.20641
8.90223
9.16158
9.34044
9.10211
8.94016
8.89221
8.80335
9.14482
9.20671
9.27252
9.4178
9.37706
9.04394
9.5385
9.1605
8.94516
9.19192
9.18296
9.27528
9.08568
9.32934
9.0994
8.87206
8.79055
9.64563
9.30205
8.93305
9.16144
9.04179
8.94011
8.96954
9.2008
9.3398
8.96991
9.22059
9.23224
9.35791
9.44329
9.36638
9.07404
8.87171
9.29561
9.06605
9.06044
8.74335
9.02742
8.98316
9.18959
8.9927
9.49947
9.57812
9.15166
9.10064
9.21923
9.45275
9.23069
8.98641
9.23781
9.01679
9.3957
9.00588
8.80447
9.18844
9.03711
8.64174
8.89994
9.23203
8.76612
9.06958
8.86001
9.2182
9.22225
8.93566
8.78675
8.99576
8.69611
9.29874
9.09965
8.87416
9.21951
8.69747
8.63792
9.18579
8.92518
8.79438
9.01181
9.04036
9.66776
9.10709
9.20331
9.41504
8.87005
9.09637
8.84027
8.80851
8.95128
9.28532
9.33393
9.12779
9.13997
9.23793
8.57591
8.6915
9.1063
9.10518
9.07242
9.20588
8.98756
9.1548
9.24668
9.3134
9.37615
9.25033
8.86077
9.07489
8.71961
9.04592
8.54543
8.90852
8.42222
8.87649
9.04609
8.97778
8.75966
9.49053
9.04275
9.24433
9.12117
9.37774
9.26023
9.35523
9.02365
8.71461
9.11619
8.79764
9.05249
9.26517
8.79973
9.19708
9.22217
9.16349
9.33643
9.13473
9.11462
8.8919
9.00345
9.07804
9.08354
8.97412
9.11986
9.23318
9.09056
9.07146
9.00589
8.79575
8.72814
8.67393
9.20432
8.75935
8.68945
9.02518
9.46558
9.27398
8.9752
9.19169
8.90165
9.07312
9.17284
8.87038
9.05702
9.04706
8.97814
8.57246
9.11817
9.28317
9.3642
9.16143
9.31496
9.28926
9.17729
9.3056
9.6057
9.65253
9.09577
9.52152
9.68521
9.12817
9.17442
9.10116
9.59447
8.95153
9.11312
9.14087
8.87637
9.31529
9.18385
9.3078
9.40881
9.47891
9.17162
9.30336
9.27366
9.23625
9.45589
9.36638
9.72248
9.17615
8.79158
8.97347
8.9132
9.36799
9.08976
8.923
8.72735
9.2868
9.1367
9.32946
8.98791
8.99527
9.23399
9.19885
9.42243
9.04527
9.05388
8.82491
9.35382
9.21808
9.0179
8.56592
9.6743
9.33398
9.29622
9.12915
9.01151
8.63009
9.14832
9.18222
8.96871
9.15452
9.63018
8.54553
8.80757
8.83673
8.85816
8.94909
8.96414
9.20961
9.03276
8.94725
9.09266
8.87652
9.23564
8.70324
8.62002
8.96729
8.68394
9.08152
8.59312
8.85954
8.90579
8.84478
9.14248
9.2785
9.14054
9.01342
9.29653
9.03744
9.2725
8.86713
8.9102
9.20285
9.07765
8.95529
8.90005
8.75904
8.75022
8.66894
9.00065
8.97617
9.36246
8.97586
8.74037
8.76828
8.89155
9.08085
8.80932
8.981
8.84564
8.9085
8.60703
9.22576
9.41887
8.83882
8.92787
9.11224
9.04749
9.02212
9.54083
9.16251
8.81628
8.96781
8.89651
9.17032
8.88053
9.31029
8.92385
9.31981
8.97221
8.73208
8.88964
9.43309
9.18172
9.17421
9.06411
8.84136
9.13105
8.70142
9.13681
9.26634
8.82383
8.99078
9.33333
8.79399
8.8331
8.71148
9.18988
9.30724
9.33632
9.08683
8.90168
9.04259
9.22966
9.17391
9.15574
9.09289
9.47018
9.13693
9.32998
8.8483
9.17521
9.20574
9.25382
9.42748
8.89755
9.08568
9.04571
8.99657
8.80263
8.95434
8.71463
8.5894
8.86798
9.03622
8.46268
9.08973
8.95138
8.59622
8.8501
9.60694
8.93246
9.10668
9.36775
9.01223
9.36727
8.76074
9.37291
9.27198
9.34519
9.33016
9.55885
8.69725
9.59382
9.65306
9.29963
9.13647
9.04518
9.07912
9.03244
9.06615
9.11206
9.21075
8.90559
8.77724
9.20947
9.29821
8.96494
9.15727
9.5233
9.14603
9.14068
9.05665
8.68768
9.46863
9.23266
9.28566
8.81576
8.9872
8.96476
9.09954
9.24825
8.73989
9.13837
8.72196
8.60685
9.39471
9.32564
8.99433
8.94491
8.87098
8.74943
9.24497
8.97553
8.97418
9.14448
9.01425
9.40362
9.05973
8.72307
8.66558
9.03022
9.40313
9.02974
9.41416
9.16778
9.4824
9.33478
8.97904
8.92874
9.00925
8.86853
8.81147
9.09301
9.2116
9.37032
9.0049
8.91052
9.32463
9.16607
9.52346
9.42211
9.33941
9.2484
8.98227
9.23966
9.35163
9.2574
9.25937
9.03029
9.37615
9.60063
9.07994
9.28957
9.11962
8.67064
8.99245
8.7819
9.08513
9.22972
9.27211
8.76116
8.66048
9.06868
9.00623
8.49007
8.87086
9.2581
9.26075
9.21246
9.16508
8.99776
9.35254
9.14415
9.14947
8.80814
9.22487
8.96717
9.03339
9.69396
9.08037
9.28086
9.36927
9.28099
9.07325
9.33109
9.07273
8.73823
9.30981
9.53498
9.08458
9.10836
9.63272
9.6313
9.45191
9.39283
9.45718
9.15278
9.71694
9.31295
9.0106
9.78628
9.2833
9.4209
9.06839
8.72777
9.32592
8.93307
9.42711
9.36676
8.60548
9.21539
9.35814
9.09622
9.06752
9.0349
9.63613
9.18395
9.31723
9.48767
9.12313
9.03531
9.19601
9.22051
9.37609
9.77173
8.89128
8.81437
9.2972
9.53956
8.76665
9.33472
9.09806
9.41309
8.88837
8.84445
9.38141
9.12258
8.782
9.17597
9.32683
9.39531
9.00908
9.58066
9.28904
9.00251
9.4409
8.91194
9.08768
9.44171
9.07008
9.09488
8.86453
9.26896
9.03014
8.71528
8.67131
8.73374
9.25036
8.95299
9.11382
9.09002
9.11792
9.67389
9.53885
9.04518
9.02052
8.9723
9.00909
8.75275
9.04287
9.63059
9.22605
9.20208
9.47309
9.14189
9.1437
8.71973
8.83866
9.26759
8.88212
9.31995
9.13573
9.09304
9.29938
9.56129
9.39432
8.9579
9.34893
8.97888
8.99738
8.84903
9.5982
8.91601
9.08502
9.19488
8.66665
9.02797
9.16043
8.95059
8.95242
8.95045
8.88197
9.66031
9.10496
8.94993
8.85028
9.22043
9.29659
9.83969
8.81118
9.44902
9.23431
9.16285
8.91563
8.85437
8.79953
8.73359
9.14023
8.86625
8.70982
8.97324
9.29872
8.94644
8.88928
9.32254
9.25265
8.91037
8.9675
8.93463
9.0736
9.43895
9.13783
8.88959
9.06918
9.19626
9.17649
9.12635
9.37776
9.4137
9.16393
9.32916
9.15679
9.30892
9.50242
9.35364
9.03653
9.11234
9.29155
8.81251
9.43626
8.62187
9.30555
9.28449
8.75583
9.06198
9.55856
9.07998
9.02543
9.02365
9.31125
9.45798
9.00155
9.06322
8.79837
9.15708
9.0595
9.14638
8.96764
9.10893
9.10549
8.78161
9.0325
9.56707
9.33428
9.1862
9.11945
9.12599
9.00825
9.15843
9.01011
9.47924
9.34546
8.72986
9.17147
8.8205
8.65912
9.16526
8.98274
8.94768
8.95148
9.07189
8.70936
9.08697
9.1271
8.83817
8.93714
9.34183
9.22167
8.56707
9.12646
9.08979
9.19228
9.01478
9.06461
8.90262
9.27073
8.83374
9.32296
9.22813
8.96365
9.07258
9.00536
9.13974
8.92613
9.04978
9.34711
8.9847
8.88842
9.1631
8.9544
9.06819
9.62704
9.55887
9.30571
9.03948
9.04884
8.77831
9.04397
9.36785
9.1015
9.2495
9.33665
8.8363
8.79264
9.03576
9.3682
9.04311
9.39598
9.26372
9.24037
9.19244
9.12802
8.97828
9.12245
8.94511
8.84237
9.13193
9.05108
9.52163
9.62026
9.81381
9.09179
8.71725
9.25382
9.06332
9.2538
9.3725
8.91896
9.84109
9.17369
8.96442
9.4255
9.42439
9.19917
9.04522
9.20435
9.2649
9.06426
8.8657
9.06489
9.4159
9.27744
9.26031
9.54263
8.91377
9.51605
9.83462
9.5342
8.85468
9.34681
9.65539
9.20697
9.35971
8.98953
9.57683
9.27875
9.28392
9.39787
9.33888
8.95737
9.21493
9.52127
8.92891
9.2705
9.11751
9.14999
9.32141
9.2007
9.38849
9.36285
8.82244
9.42269
